position	frequency
1	985.65
2	982.81
3	984.11
4	984.73
5	983.12
6	984.62
7	985.65
8	985.33
9	984.12
10	984.95
11	983.56
12	984.55
13	985.7
14	984.47
15	981.59
16	982.94
17	981.87
18	982.56
19	985.34
20	982.86
21	985.21
22	983.54
23	983.17
24	983.2
25	983.23
26	981.47
27	982.74
28	982.62
29	983.38
30	983.73
31	983.06
32	983.52
33	982.15
34	984.05
35	983.75
36	982.02
37	984
38	983.98
39	984.05
40	982.33
41	982.5
42	983.79
43	982.73
44	983.99
45	984.32
46	984.43
47	994.01
48	975.51
49	974.68
50	975.18
51	976.06
52	975.65
53	975.28
54	976.9
55	976.32
56	975.55
57	974.37
58	976.68
59	975.29
60	976.74
61	975.43
62	975.7
63	975.08
64	973.4
65	974.52
66	972.64
67	973.54
68	973.57
69	973.02
70	973.39
71	975.76
72	974.32
73	974.26
74	974.81
75	975.01
76	973.13
77	974.59
78	975.31
79	973.27
80	973.66
81	974.33
82	973.96
83	973.11
84	972.72
85	973.89
86	974.01
87	973.58
88	972.74
89	973.27
90	974.43
91	975.06
92	973.23
93	975.55
94	974.74
95	974.67
96	975
97	976.54
98	974.41
99	973.35
100	973.15
101	972.96
102	972.73
103	974.2
104	973.57
105	974.75
106	974.77
107	974.65
108	974.58
109	974.13
110	973.87
111	973.06
112	974.25
113	975.2
114	973.78
115	973.18
116	975.17
117	974.64
118	976.69
119	973.21
120	973.24
121	974.01
122	974.76
123	974.28
124	975.71
125	975
126	974.87
127	974.34
128	974.17
129	976.07
130	974.47
131	974.42
132	974.14
133	975.33
134	974.64
135	976.68
136	975.04
137	975.69
138	974.52
139	977.55
140	976.46
141	976.9
142	976.1
143	973.71
144	975.36
145	975.5
146	977.6
147	976.53
148	977.74
149	978.06
150	976.54
151	978.56
152	976.5
153	977.51
154	977.19
155	977.98
156	976.16
157	978
158	977.26
159	978.08
160	978.02
161	979.12
162	977.67
163	977.7
164	978.59
165	979.29
166	978.55
167	975.81
168	978.56
169	977.62
170	978.55
171	976.24
172	977.4
173	976.93
174	978.24
175	978.66
176	978.9
177	976.8
178	978.15
179	978.91
180	976.66
181	978.92
182	978.15
183	976.47
184	977.01
185	977.73
186	977.23
187	977.84
188	977.2
189	978.81
190	978.07
191	977.13
192	977.76
193	976.55
194	976.64
195	978.23
196	976.46
197	975.52
198	975.55
199	977.13
200	977.01
201	976.09
202	976.77
203	975.47
204	976.61
205	977.98
206	977.86
207	979.91
208	977.21
209	978.45
210	977.79
211	978.48
212	976.69
213	976.81
214	977.88
215	978.12
216	975.98
217	974.25
218	977.47
219	977.99
220	976.8
221	976.77
222	976.68
223	979.08
224	975.88
225	977.45
226	975.62
227	978.42
228	975.86
229	975.58
230	975.66
231	976.11
232	974.91
233	976.47
234	974.52
235	975.46
236	975.47
237	974.63
238	976.05
239	976.41
240	972.87
241	975.3
242	973.37
243	973.52
244	972.85
245	974.14
246	975.14
247	972.68
248	974.11
249	973.1
250	972.66
251	973.68
252	972.52
253	972.69
254	971.34
255	973.05
256	972.91
257	972.33
258	971
259	971.95
260	972.51
261	970.66
262	972.45
263	972.06
264	972.29
265	970.3
266	971.9
267	971.74
268	969.82
269	969.94
270	972.63
271	970.8
272	970.25
273	972.27
274	970.66
275	970.24
276	973.08
277	971.38
278	973.41
279	971.26
280	973.39
281	970.39
282	972.71
283	971.64
284	973.18
285	971.28
286	972.43
287	973.41
288	973.98
289	970.42
290	974.31
291	972.22
292	971.88
293	972.06
294	971.42
295	972.71
296	974.8
297	974.46
298	973.81
299	973
300	973.31
301	971.98
302	972.49
303	972.18
304	971.52
305	970.63
306	973.35
307	971.32
308	971.32
309	972.09
310	971.75
311	971.11
312	971.69
313	970.56
314	972.3
315	971.48
316	970.8
317	970.53
318	972.39
319	970.93
320	971.58
321	972.84
322	972.51
323	973.27
324	971.39
325	974.37
326	970.75
327	973.4
328	971.43
329	971.56
330	969.27
331	970.76
332	973.33
333	971.17
334	971.12
335	973.05
336	971.73
337	971.67
338	969.58
339	970.81
340	970.74
341	969.99
342	972.16
343	971.23
344	971.42
345	971.87
346	971.7
347	972.89
348	971.76
349	970.53
350	970.65
351	970.27
352	971.37
353	969.18
354	972.56
355	969.59
356	970.76
357	969.67
358	969.87
359	970.35
360	971.22
361	969.56
362	969.76
363	969.67
364	968.92
365	969.18
366	968.8
367	968.57
368	968.21
369	969.36
370	969.68
371	968.06
372	969.12
373	966.39
374	967.85
375	966.26
376	967.41
377	967.26
378	967
379	968.92
380	967.34
381	967.22
382	968.55
383	968.64
384	968.72
385	967.57
386	968.3
387	967.21
388	966.25
389	966.37
390	967.54
391	967.25
392	968.72
393	966.11
394	967.12
395	965.77
396	965.72
397	966.38
398	967.62
399	967.29
400	968.24
401	968.67
402	966.51
403	967.67
404	966.75
405	967.55
406	967.99
407	968.69
408	968.5
409	968.86
410	967.4
411	967.43
412	967.67
413	969.93
414	968.02
415	967.74
416	968.27
417	968.47
418	967.45
419	965.91
420	967.45
421	965.99
422	966.6
423	966.4
424	966.66
425	967.2
426	965.32
427	966.19
428	966.78
429	966.89
430	966.56
431	966.92
432	967.58
433	966.25
434	966.12
435	965.69
436	965.46
437	965.56
438	965.82
439	964.39
440	964.58
441	964.74
442	964.9
443	963.82
444	964.38
445	963.91
446	965.92
447	963.88
448	964.94
449	964.66
450	964.87
451	965.2
452	965.55
453	964.34
454	964.9
455	965.26
456	964.51
457	966.54
458	966.2
459	963.25
460	964.52
461	963.73
462	964.13
463	964.19
464	964.3
465	965.57
466	964.35
467	964.62
468	965.64
469	964.92
470	965.58
471	964.55
472	964.39
473	965.71
474	963.58
475	965.52
476	965.48
477	964.48
478	964.48
479	964.98
480	965.64
481	964.97
482	964.44
483	964.95
484	964.9
485	963.9
486	963.91
487	964.2
488	964.14
489	965.17
490	965.08
491	966.05
492	965.12
493	964.16
494	965.33
495	964.76
496	965.64
497	966.46
498	963.82
499	963.58
500	965.61
501	965.19
502	965.88
503	964.55
504	965.26
505	964.44
506	965.5
507	965.21
508	964.77
509	964.26
510	966.07
511	964.82
512	964.95
513	965.37
514	965.43
515	964.14
516	964.26
517	964.29
518	965.69
519	965.48
520	964.14
521	964.79
522	963.98
523	963.71
524	964.58
525	965.95
526	963.59
527	965
528	964.65
529	963.98
530	966.23
531	965.31
532	964.52
533	964.87
534	965.94
535	964.01
536	963.92
537	965.24
538	965.78
539	964.49
540	964.82
541	964.48
542	964.75
543	964.98
544	964.71
545	966.12
546	965.02
547	964.45
548	964.1
549	963.05
550	964.02
551	964.78
552	963.13
553	963.41
554	963.1
555	964.94
556	965.27
557	964.06
558	965.87
559	964.68
560	964.03
561	965.22
562	964.39
563	962.53
564	963.85
565	963
566	964.06
567	963.47
568	963.3
569	964.54
570	964.32
571	962.94
572	964.58
573	963.54
574	964.6
575	964.32
576	964.74
577	963.96
578	965.09
579	964.56
580	963.85
581	964.48
582	965.12
583	965.37
584	964.89
585	966.16
586	964.13
587	964.83
588	964.64
589	964.01
590	963.24
591	962.93
592	963.26
593	963.78
594	962.28
595	963.58
596	963.68
597	965.4
598	963.72
599	963.95
600	962.61
601	963.67
602	963.79
603	963.86
604	963.91
605	963.69
606	965.46
607	964.56
608	964.95
609	964.62
610	963.72
611	964.7
612	964.72
613	963.69
614	963.67
615	963.84
616	962.75
617	963.25
618	964.24
619	963.44
620	963.05
621	963.24
622	964
623	964.39
624	963.28
625	963.48
626	965.5
627	963.75
628	964.13
629	965.48
630	965.94
631	965.35
632	965.82
633	965.48
634	965.5
635	965.42
636	965.24
637	965.83
638	965.17
639	964.77
640	964.58
641	965.43
642	964.83
643	965.6
644	965.14
645	964.85
646	966.45
647	965.97
648	965.46
649	966.41
650	967.34
651	964.9
652	964.85
653	963.4
654	965.56
655	964.82
656	963.45
657	964.6
658	964.13
659	965.47
660	965.67
661	965.48
662	964.16
663	967.17
664	964.2
665	965.53
666	966.06
667	963.81
668	966.44
669	966.61
670	964.4
671	964.42
672	964.41
673	964.61
674	965.36
675	965.89
676	965.16
677	964.7
678	965.13
679	964.95
680	966.39
681	964.55
682	965.65
683	968.07
684	967.64
685	965.44
686	964.56
687	966.17
688	966.14
689	965.53
690	965.64
691	965
692	963.7
693	965.14
694	964.5
695	963.42
696	965.17
697	964.92
698	964.97
699	963.69
700	963.25
701	965.51
702	966.17
703	965.25
704	965.48
705	965.7
706	964.27
707	965.15
708	964.95
709	964.06
710	965.14
711	964.66
712	965.04
713	963.25
714	963.91
715	965.27
716	961.93
717	963.7
718	963.64
719	964.83
720	962.91
721	963.36
722	964.1
723	962.63
724	962.84
725	964.74
726	964.25
727	963.74
728	964.52
729	963.89
730	962.36
731	963.31
732	962.4
733	963.15
734	963.38
735	962.51
736	964.03
737	963.54
738	964.08
739	963.28
740	963.2
741	963.57
742	964.9
743	964.34
744	964.12
745	963.93
746	964.63
747	964.98
748	965.14
749	964.16
750	964.3
751	964.96
752	964.11
753	964.23
754	965.15
755	964.94
756	967.03
757	965.17
758	965.97
759	965.45
760	964.7
761	965.95
762	964.39
763	966.11
764	964.4
765	965.67
766	965.35
767	965.87
768	966.32
769	965.39
770	965.96
771	965.62
772	964.59
773	964.06
774	965.48
775	964.92
776	965.53
777	964.01
778	964.37
779	964.3
780	964.67
781	965.38
782	963.5
783	963.12
784	964.81
785	965.74
786	962.93
787	964.26
788	963.38
789	964.03
790	963.06
791	964.89
792	963.87
793	964.91
794	964.6
795	963.57
796	963.96
797	963.49
798	964.18
799	963.7
800	962.31
801	963.5
802	962.64
803	964.05
804	966.76
805	964
806	964.27
807	964.3
808	963.33
809	963.95
810	962.6
811	964.19
812	963.16
813	962.52
814	963.98
815	962.69
816	963.86
817	964.02
818	964.17
819	965.11
820	963.92
821	964.91
822	963.45
823	963.95
824	963.61
825	963.15
826	962.37
827	961.61
828	962.46
829	961.72
830	961.8
831	963.02
832	962.73
833	962.72
834	963.72
835	963.5
836	963.97
837	962.09
838	962.5
839	962.85
840	962.31
841	963.6
842	963.08
843	963.75
844	963.15
845	961.69
846	962.11
847	963.17
848	961.81
849	962.02
850	962.82
851	963.75
852	962.17
853	963.2
854	963.34
855	961.82
856	963.45
857	961.84
858	962.53
859	962.55
860	961.59
861	963.17
862	961.34
863	962.15
864	961.66
865	962.27
866	961.59
867	961.78
868	962.76
869	961.07
870	961.35
871	962.43
872	962.26
873	962.43
874	962.81
875	961.63
876	963.04
877	961.88
878	962.49
879	963.36
880	962.78
881	963.04
882	963.48
883	963.09
884	962.39
885	961.83
886	964.15
887	963.27
888	963.31
889	963.01
890	962.94
891	962.08
892	962.86
893	963.15
894	963.52
895	962.62
896	964.28
897	962.97
898	963.37
899	964.2
900	962.36
901	964.29
902	964.65
903	961.79
904	962.35
905	962.57
906	963.31
907	963.58
908	962.81
909	962.51
910	961.99
911	963.12
912	962.57
913	962.44
914	962.43
915	961.36
916	962.14
917	961.29
918	964.05
919	962.31
920	961.85
921	963.06
922	962
923	961.59
924	961.52
925	963.64
926	963.4
927	962.85
928	963.94
929	961.34
930	962.63
931	961.81
932	962.19
933	961.4
934	961.99
935	963.1
936	960.86
937	961.02
938	961.37
939	961.99
940	962.31
941	962.63
942	962.08
943	963.45
944	962.39
945	962.44
946	962.75
947	962.47
948	961.17
949	961.41
950	961.36
951	962.32
952	961.23
953	960.62
954	961.58
955	961.97
956	961.49
957	961.76
958	962.43
959	960.57
960	961.96
961	961.06
962	961.04
963	961.5
964	962.06
965	962.95
966	961.48
967	963.43
968	964.47
969	961.34
970	963.23
971	963.2
972	963.32
973	961.24
974	960.36
975	960.81
976	961.29
977	960.98
978	960.28
979	961.79
980	961.44
981	961.71
982	963.05
983	961.87
984	961.79
985	961.07
986	962.52
987	962.63
988	961.38
989	961.74
990	962
991	960.14
992	960.31
993	961.25
994	959.25
995	961.33
996	959.98
997	962.28
998	961
999	960.29
1000	960.12
1001	959.95
1002	960.77
1003	958.85
1004	960.16
1005	958.59
1006	958.86
1007	958.81
1008	960.19
1009	961.04
1010	960.91
1011	960.69
1012	959.03
1013	958.82
1014	960.45
1015	959.95
1016	959.31
1017	960.06
1018	961.05
1019	961.04
1020	959.41
1021	959.72
1022	958.43
1023	958.97
1024	958.78
1025	959.67
1026	958.78
1027	959.82
1028	958.9
1029	960.02
1030	959.82
1031	957.73
1032	959.77
1033	960.2
1034	958.01
1035	959.93
1036	958.89
1037	959.86
1038	958.4
1039	958.78
1040	957.38
1041	959.36
1042	960.65
1043	958.2
1044	959.64
1045	958.84
1046	957.99
1047	958.01
1048	959.26
1049	958.2
1050	958.14
1051	958.53
1052	959.12
1053	959.92
1054	958.35
1055	959.5
1056	959.8
1057	959.63
1058	961.06
1059	959.09
1060	959
1061	959.15
1062	960.09
1063	958.43
1064	957.22
1065	958.65
1066	960.09
1067	958.86
1068	958.51
1069	959.54
1070	957.69
1071	958.15
1072	958.8
1073	960.82
1074	958.29
1075	959.17
1076	959.49
1077	957.66
1078	957.87
1079	958.86
1080	959.42
1081	958.02
1082	958.66
1083	958.25
1084	959.39
1085	959.23
1086	960.18
1087	960.12
1088	958.14
1089	958.98
1090	958.16
1091	958.23
1092	959.62
1093	959.14
1094	959.09
1095	957.99
1096	960.28
1097	958.27
1098	960.29
1099	958.07
1100	959.98
1101	959.32
1102	959.87
1103	959.52
1104	960.87
1105	960.63
1106	958.37
1107	960.34
1108	959.55
1109	958.9
1110	958.3
1111	958.21
1112	959.74
1113	957.37
1114	958.55
1115	958.25
1116	956.86
1117	958.55
1118	956.73
1119	957.82
1120	957.73
1121	958.11
1122	957.2
1123	957.54
1124	956.92
1125	957.55
1126	958.05
1127	956.75
1128	957.07
1129	960.29
1130	958.49
1131	957.98
1132	957.36
1133	957.95
1134	957.85
1135	956.92
1136	957.69
1137	957.18
1138	956.81
1139	958.02
1140	956.66
1141	957.58
1142	958.07
1143	960.21
1144	959.08
1145	957.77
1146	957.77
1147	957.97
1148	957.99
1149	957.46
1150	956.38
1151	959.06
1152	958.67
1153	957.27
1154	958.45
1155	958.18
1156	955.78
1157	956.91
1158	956.23
1159	956.19
1160	956.78
1161	956.98
1162	955.51
1163	956
1164	956.29
1165	956.88
1166	956.8
1167	956.07
1168	956.86
1169	957.47
1170	956.2
1171	955.37
1172	956.85
1173	956.06
1174	954.48
1175	955.1
1176	956.67
1177	955.12
1178	954.55
1179	956.14
1180	955.65
1181	954.37
1182	954.48
1183	953.91
1184	953.99
1185	955.02
1186	954.51
1187	954.77
1188	954.29
1189	953.3
1190	954.75
1191	954.58
1192	954.67
1193	954.96
1194	954.01
1195	954.59
1196	952.45
1197	953.14
1198	953.84
1199	954.78
1200	954.45
1201	954.04
1202	954.41
1203	954.98
1204	953.41
1205	955.37
1206	954.07
1207	954.44
1208	953.35
1209	954.69
1210	953.32
1211	954.4
1212	953.43
1213	953.47
1214	956.58
1215	953.02
1216	955.5
1217	953.76
1218	955.25
1219	954.11
1220	955.33
1221	954.03
1222	954.98
1223	953.65
1224	955.44
1225	954.58
1226	954.69
1227	954.98
1228	954.87
1229	954.76
1230	954.42
1231	955.42
1232	953.63
1233	953.54
1234	954.65
1235	953.2
1236	953.13
1237	954.18
1238	952.58
1239	953.75
1240	953.32
1241	953.16
1242	953.24
1243	954.98
1244	955.69
1245	954.13
1246	952.6
1247	956.34
1248	954.09
1249	953.72
1250	954.02
1251	953.27
1252	955.57
1253	953.73
1254	954.56
1255	954.43
1256	953.7
1257	954.33
1258	953.47
1259	953.39
1260	955.77
1261	954.48
1262	954.87
1263	954.19
1264	954.51
1265	954.8
1266	955.41
1267	954.21
1268	955.76
1269	955.74
1270	955.24
1271	955.19
1272	955.66
1273	955.21
1274	956.04
1275	954
1276	954.24
1277	955.35
1278	953.52
1279	956.06
1280	955.7
1281	953.03
1282	954.62
1283	953.65
1284	955.39
1285	954.72
1286	954.11
1287	954.4
1288	955.15
1289	952.78
1290	953.67
1291	953.3
1292	953.13
1293	953.62
1294	955.15
1295	955.32
1296	954.15
1297	953.92
1298	953.85
1299	952.96
1300	953
1301	953.94
1302	953.59
1303	954.99
1304	954.21
1305	952
1306	952.97
1307	953.53
1308	954
1309	954.02
1310	955.64
1311	953.18
1312	954.1
1313	953.06
1314	955.12
1315	954.46
1316	953.94
1317	955.34
1318	954.18
1319	955.69
1320	953.55
1321	954.3
1322	954.36
1323	954.08
1324	953.77
1325	954.81
1326	954.41
1327	956.4
1328	955.52
1329	955.7
1330	956.04
1331	955.87
1332	955.57
1333	955.72
1334	955.07
1335	954.44
1336	955.55
1337	955.65
1338	956.73
1339	954.58
1340	955.01
1341	953.76
1342	955.33
1343	954.52
1344	954.36
1345	954.79
1346	955.61
1347	952.93
1348	953.73
1349	953.92
1350	954.59
1351	954.04
1352	955.02
1353	954.87
1354	955.24
1355	955.15
1356	954.05
1357	954.75
1358	955.19
1359	954.73
1360	954
1361	953.78
1362	953.32
1363	953.41
1364	953.42
1365	955.13
1366	952.78
1367	955.14
1368	953.71
1369	955.24
1370	954.34
1371	954.4
1372	953.56
1373	954.23
1374	954.28
1375	953.58
1376	954.34
1377	954.01
1378	953.97
1379	953.31
1380	954.11
1381	953.62
1382	955.71
1383	953.34
1384	956
1385	954.32
1386	953.29
1387	953.49
1388	953.64
1389	955.86
1390	955.16
1391	954.52
1392	955.62
1393	954.22
1394	953.71
1395	953.81
1396	953.89
1397	955.46
1398	955.29
1399	954.65
1400	955.52
1401	954.07
1402	953.09
1403	954.42
1404	953.08
1405	954.52
1406	954.92
1407	955.61
1408	954.35
1409	954
1410	954.74
1411	954.51
1412	952.9
1413	952.85
1414	954.95
1415	953.02
1416	953.44
1417	954.28
1418	954.38
1419	954.52
1420	954.38
1421	953.91
1422	954.35
1423	954.62
1424	955.17
1425	956.3
1426	953.73
1427	955.29
1428	953.95
1429	954.18
1430	954.66
1431	956.02
1432	954.42
1433	954.04
1434	954.49
1435	954.28
1436	954.07
1437	954.95
1438	953.73
1439	954.46
1440	955.38
1441	953.2
1442	954.56
1443	953.96
1444	955
1445	955.32
1446	954.44
1447	954.66
1448	954.59
1449	953.52
1450	953.77
1451	954.81
1452	954.07
1453	956.89
1454	954.16
1455	953.06
1456	954.33
1457	953.87
1458	953.87
1459	953.05
1460	953.97
1461	953.18
1462	954.38
1463	952.86
1464	952.57
1465	954.67
1466	953.06
1467	951.22
1468	952.63
1469	952.54
1470	952.71
1471	952.44
1472	953.37
1473	954.19
1474	953.52
1475	953.31
1476	952.72
1477	953.66
1478	953.14
1479	954.67
1480	952.73
1481	953.8
1482	953.36
1483	952.86
1484	953.72
1485	953.35
1486	954.73
1487	953.92
1488	954.11
1489	953.6
1490	952.35
1491	952.36
1492	953.87
1493	953.7
1494	953.99
1495	953.31
1496	953.45
1497	954.14
1498	954.81
1499	954.43
1500	952.65
1501	954.43
1502	954.07
1503	952.34
1504	952.69
1505	953.72
1506	954.45
1507	953.82
1508	954.23
1509	952.77
1510	953.31
1511	952.24
1512	952.22
1513	953.3
1514	954.33
1515	954.22
1516	952.51
1517	952.46
1518	952.86
1519	954.14
1520	954.34
1521	953.48
1522	953.3
1523	953.51
1524	952.06
1525	952.9
1526	953.03
1527	953.29
1528	952.24
1529	952.67
1530	953.56
1531	952.37
1532	952.51
1533	951.92
1534	952.41
1535	952.92
1536	951.94
1537	952.12
1538	952.92
1539	952.12
1540	952.71
1541	950.75
1542	952.49
1543	952.87
1544	952.94
1545	953.11
1546	954.03
1547	952.74
1548	952.34
1549	954.56
1550	952.84
1551	952.82
1552	952.32
1553	952.15
1554	952.45
1555	953.97
1556	953.06
1557	954.11
1558	953.75
1559	954.2
1560	953.93
1561	951.68
1562	953.24
1563	954.54
1564	953.04
1565	952.43
1566	952.27
1567	952.84
1568	950.76
1569	951.19
1570	952.38
1571	950.15
1572	952.39
1573	950.78
1574	950.77
1575	952.12
1576	951.61
1577	952.15
1578	951.89
1579	952.14
1580	952.57
1581	952.44
1582	952.58
1583	951.18
1584	951.14
1585	952.6
1586	951.66
1587	952.96
1588	951.21
1589	951.59
1590	951.24
1591	950.79
1592	950.42
1593	951.46
1594	950.79
1595	951.1
1596	950.9
1597	951.03
1598	949.64
1599	950.51
1600	950.19
1601	950.9
1602	950.38
1603	950.37
1604	951.29
1605	949.58
1606	949.78
1607	948.63
1608	949.68
1609	950.33
1610	949.27
1611	949.18
1612	949.29
1613	948.71
1614	949.37
1615	948.86
1616	948.71
1617	948.09
1618	948.78
1619	950.57
1620	949.17
1621	947.66
1622	948.78
1623	947.66
1624	949.13
1625	948.32
1626	948.05
1627	949.2
1628	946.92
1629	947.24
1630	947.11
1631	949.62
1632	947.55
1633	948.93
1634	947.39
1635	948.59
1636	947.11
1637	947.91
1638	948.48
1639	949.23
1640	948.77
1641	948.52
1642	949.44
1643	947.76
1644	946.88
1645	947.56
1646	947.91
1647	946.83
1648	947.22
1649	946.24
1650	946.75
1651	947.76
1652	947.67
1653	946.16
1654	946.44
1655	947.74
1656	946.42
1657	947.85
1658	946.4
1659	946.3
1660	946.86
1661	947.7
1662	947.13
1663	947.99
1664	947.18
1665	948.44
1666	947.73
1667	945.51
1668	946.2
1669	946.31
1670	947.92
1671	946.28
1672	946.1
1673	945.59
1674	946.07
1675	946.27
1676	945.92
1677	947.07
1678	947.98
1679	945.84
1680	946.75
1681	945.57
1682	945.82
1683	946.69
1684	945.28
1685	944.78
1686	945.14
1687	946.05
1688	945.26
1689	944.54
1690	944.24
1691	944.33
1692	945.53
1693	944.48
1694	942.67
1695	945.29
1696	943.38
1697	943.52
1698	943.71
1699	943.29
1700	943.5
1701	943.14
1702	944.22
1703	944.09
1704	942.69
1705	942.54
1706	942.74
1707	940.67
1708	941.6
1709	943.39
1710	941.94
1711	942.36
1712	942.35
1713	942.94
1714	944.12
1715	942.66
1716	943.99
1717	942.15
1718	941.56
1719	940.89
1720	942.43
1721	942.99
1722	942.86
1723	942.37
1724	943.59
1725	942.51
1726	941.2
1727	940.85
1728	942.92
1729	940.71
1730	943.77
1731	941.37
1732	942.81
1733	941.36
1734	941.26
1735	942.38
1736	941.37
1737	941.6
1738	941.6
1739	941.41
1740	941
1741	942.48
1742	940.82
1743	941.41
1744	939.97
1745	941.24
1746	940.59
1747	941.28
1748	940.74
1749	942.39
1750	941.82
1751	940.58
1752	941.42
1753	940.01
1754	941.06
1755	941.83
1756	941.98
1757	941.85
1758	943.03
1759	941.33
1760	942.01
1761	941.28
1762	942.23
1763	942.49
1764	941.51
1765	941.68
1766	940.95
1767	939.91
1768	940.14
1769	940.31
1770	941.18
1771	941.54
1772	941.19
1773	940.9
1774	940.11
1775	941.01
1776	939.44
1777	940.1
1778	940.92
1779	939.19
1780	940.41
1781	939.75
1782	941.09
1783	939.38
1784	938.9
1785	939.92
1786	940.14
1787	939.77
1788	941.54
1789	941.36
1790	939.38
1791	939.99
1792	941.57
1793	940.72
1794	939.03
1795	939.6
1796	940.95
1797	940.86
1798	940.74
1799	941.06
1800	941.44
1801	939.91
1802	940.73
1803	941.39
1804	941.21
1805	940.54
1806	941.06
1807	939.19
1808	940.91
1809	939.95
1810	940.35
1811	941.28
1812	940.87
1813	940.93
1814	940.2
1815	940.81
1816	940.76
1817	940.61
1818	941.11
1819	939.73
1820	940.34
1821	940.01
1822	942.56
1823	940.25
1824	940.23
1825	940.3
1826	942.39
1827	940.5
1828	940.73
1829	941.99
1830	940.74
1831	940.24
1832	940.29
1833	940.5
1834	940.72
1835	940.9
1836	939.92
1837	940.53
1838	939.71
1839	939.9
1840	940
1841	939.94
1842	939.4
1843	940.47
1844	940.03
1845	940.5
1846	938.74
1847	942.05
1848	940.3
1849	939.52
1850	938.55
1851	939.32
1852	939.13
1853	938.55
1854	938.53
1855	939.42
1856	938.23
1857	938.94
1858	939.27
1859	939
1860	940.99
1861	938.18
1862	940.05
1863	939.81
1864	938
1865	938.58
1866	938.51
1867	938.93
1868	937.81
1869	938.59
1870	938.87
1871	939.03
1872	938.92
1873	939.15
1874	939.4
1875	939.93
1876	941
1877	939.34
1878	939.03
1879	940.28
1880	941.17
1881	940.74
1882	938.76
1883	940.01
1884	940.25
1885	939.39
1886	940.03
1887	938.74
1888	939.73
1889	938.84
1890	939.19
1891	941.6
1892	940.29
1893	941.25
1894	941.29
1895	941.04
1896	940.85
1897	939.85
1898	939.55
1899	940.32
1900	940.71
1901	940.76
1902	940.3
1903	941.33
1904	939.07
1905	939.65
1906	939.9
1907	940.38
1908	940.07
1909	940.81
1910	939.73
1911	940.84
1912	941.16
1913	940.42
1914	941.76
1915	941.89
1916	940.74
1917	939.98
1918	942.49
1919	943.47
1920	942.03
1921	941.69
1922	942.2
1923	942.89
1924	941.21
1925	941.81
1926	942.29
1927	942.62
1928	942.62
1929	944.48
1930	942.85
1931	942.01
1932	942.13
1933	941.28
1934	942.01
1935	943.18
1936	943.14
1937	940.89
1938	942.34
1939	940.78
1940	943.18
1941	942.13
1942	941.15
1943	941.37
1944	941.15
1945	941.82
1946	940.23
1947	940.55
1948	941.44
1949	940.35
1950	941.11
1951	941.11
1952	940.02
1953	941.51
1954	940.8
1955	942.63
1956	939.84
1957	940.93
1958	939.65
1959	939.44
1960	940.37
1961	939.96
1962	940.07
1963	940.89
1964	939.62
1965	939.62
1966	939.9
1967	939.64
1968	939.31
1969	939.83
1970	939.71
1971	940.19
1972	938.86
1973	939.63
1974	940.04
1975	940.42
1976	939.37
1977	940.34
1978	940.29
1979	940.01
1980	941.15
1981	940.03
1982	939.5
1983	939.51
1984	939.36
1985	939.33
1986	939.18
1987	938.92
1988	939.12
1989	938.32
1990	939.37
1991	938.13
1992	938.28
1993	939.04
1994	937.89
1995	938.66
1996	939.13
1997	937.8
1998	939.29
1999	937.84
2000	938.45
2001	939.37
2002	938.87
2003	939.18
2004	938.24
2005	940.04
2006	939.26
2007	939.73
2008	937.76
2009	937.88
2010	937.11
2011	937.04
2012	939.1
2013	938.28
2014	939.48
2015	938.06
2016	938.34
2017	938.33
2018	937.83
2019	938.75
2020	939.41
2021	937.17
2022	937.79
2023	938.06
2024	938.18
2025	939.41
2026	937.83
2027	939.01
2028	940.47
2029	939.84
2030	937.38
2031	938.88
2032	938.86
2033	939.05
2034	938.96
2035	939.69
2036	939.4
2037	939.27
2038	939.4
2039	941.29
2040	940.03
2041	939.53
2042	939.54
2043	939.41
2044	939.97
2045	938.19
2046	937.95
2047	939.69
2048	939.29
2049	938.97
2050	938.06
2051	938.87
2052	939.73
2053	938.21
2054	938.73
2055	939.12
2056	936.9
2057	937.21
2058	936.66
2059	937.26
2060	936.77
2061	937.1
2062	936.41
2063	936.73
2064	936.73
2065	936.84
2066	936.09
2067	937.83
2068	938.51
2069	937.73
2070	937.5
2071	939.27
2072	936.21
2073	937.59
2074	939.01
2075	939.41
2076	938.53
2077	938.37
2078	938.47
2079	939.88
2080	940.15
2081	937.7
2082	940.35
2083	936.87
2084	938.57
2085	939.25
2086	936.63
2087	938.65
2088	938.51
2089	937.04
2090	937.99
2091	939.46
2092	937.56
2093	938.19
2094	938.9
2095	938.92
2096	940.2
2097	937.7
2098	938.21
2099	938.76
2100	939.4
2101	937.45
2102	937.81
2103	938.53
2104	940.06
2105	937.93
2106	937.99
2107	938.15
2108	939.46
2109	938.47
2110	938.2
2111	937.93
2112	938.03
2113	939.87
2114	939.17
2115	937.09
2116	937.78
2117	938.7
2118	937.2
2119	937.66
2120	938.61
2121	938
2122	937.49
2123	936.89
2124	938.5
2125	937.21
2126	936.58
2127	937.49
2128	936.91
2129	936.93
2130	935.89
2131	936.32
2132	936.94
2133	936.69
2134	937.1
2135	937.26
2136	935.87
2137	935.94
2138	936.43
2139	936.91
2140	936.46
2141	936.54
2142	934.96
2143	935.38
2144	935.39
2145	935.5
2146	936.75
2147	936.63
2148	937.47
2149	937.27
2150	934.92
2151	935.78
2152	935.81
2153	934.43
2154	935.5
2155	936.29
2156	936.93
2157	935.43
2158	935.62
2159	935.11
2160	935.27
2161	935.69
2162	934.98
2163	935.18
2164	935.71
2165	935.8
2166	934.72
2167	935.39
2168	933.53
2169	933.45
2170	933.94
2171	933.37
2172	935.67
2173	932.71
2174	933.7
2175	932.3
2176	934.06
2177	933
2178	932.85
2179	934.77
2180	932.99
2181	932.29
2182	932.91
2183	934.5
2184	933.78
2185	932.57
2186	931.72
2187	932.32
2188	931.9
2189	932.74
2190	932.64
2191	932.82
2192	932.87
2193	933.78
2194	933.52
2195	931.5
2196	932.88
2197	932.73
2198	932.26
2199	932.76
2200	933.14
2201	931.74
2202	932.56
2203	930.29
2204	931.32
2205	931.48
2206	930.88
2207	931.45
2208	931.03
2209	931.19
2210	932.72
2211	932.39
2212	932.64
2213	930.82
2214	931.36
2215	932.25
2216	931.79
2217	933.18
2218	932.79
2219	932.7
2220	932.71
2221	932.66
2222	932.46
2223	931.91
2224	933.12
2225	931.11
2226	932.31
2227	931.62
2228	931.4
2229	932.77
2230	932.41
2231	931.81
2232	932.36
2233	932.61
2234	931.6
2235	932.55
2236	932.5
2237	932.1
2238	932.09
2239	933.15
2240	933.25
2241	932.55
2242	932.91
2243	930.65
2244	931.01
2245	931.28
2246	932.64
2247	931.39
2248	932.42
2249	930.55
2250	931.01
2251	931.18
2252	930.31
2253	930.87
2254	931.8
2255	931.8
2256	932.95
2257	932.11
2258	929.62
2259	932.36
2260	930.29
2261	931.49
2262	932.7
2263	931.44
2264	931.38
2265	931.77
2266	931.28
2267	932.56
2268	932.13
2269	931.43
2270	933.61
2271	933.32
2272	931.61
2273	931.06
2274	931.35
2275	931.3
2276	930.89
2277	930.05
2278	931.24
2279	930.2
2280	930.16
2281	931.13
2282	930.28
2283	930.16
2284	930.87
2285	930.52
2286	930.55
2287	930.14
2288	930.12
2289	930.06
2290	930.54
2291	930.27
2292	928.36
2293	928.86
2294	928.97
2295	929.08
2296	928.85
2297	928.94
2298	928.29
2299	929.18
2300	928.21
2301	928.71
2302	928.38
2303	929.42
2304	928.54
2305	927.39
2306	928.39
2307	926.78
2308	928.45
2309	928.61
2310	927.59
2311	928.99
2312	927.15
2313	927.44
2314	927.88
2315	928.24
2316	927.77
2317	927.02
2318	928.63
2319	927
2320	928.5
2321	927.22
2322	928.57
2323	928.37
2324	928.73
2325	928.57
2326	926.36
2327	928.11
2328	927.72
2329	929.59
2330	928.11
2331	929.16
2332	927.16
2333	927.66
2334	928.52
2335	927.47
2336	927.96
2337	927.48
2338	927.78
2339	926.62
2340	927.25
2341	924.83
2342	927.33
2343	926.69
2344	927.17
2345	927.26
2346	926.5
2347	926.56
2348	926.43
2349	927.69
2350	928.73
2351	927.87
2352	926.03
2353	927.34
2354	926.8
2355	928.25
2356	925.79
2357	926.23
2358	925.45
2359	927.22
2360	927.79
2361	926.6
2362	926.22
2363	925.62
2364	925.82
2365	925.25
2366	926.35
2367	926.36
2368	925.58
2369	926.65
2370	926.64
2371	925.82
2372	927.38
2373	925.44
2374	924.91
2375	927.4
2376	925.43
2377	926.41
2378	926.07
2379	926.06
2380	925.76
2381	927.21
2382	927.48
2383	927.32
2384	927.5
2385	927.51
2386	927.47
2387	928.23
2388	927.17
2389	927.28
2390	928.22
2391	927.79
2392	927.49
2393	930.25
2394	927.79
2395	928.55
2396	930.13
2397	928.93
2398	927.84
2399	928.17
2400	928.88
2401	929.14
2402	927.41
2403	929.05
2404	927.98
2405	928.9
2406	928.33
2407	928.36
2408	929.01
2409	929.94
2410	928.17
2411	928.66
2412	930.31
2413	929.52
2414	929.93
2415	927.47
2416	927.43
2417	927.8
2418	928.18
2419	928.76
2420	927.68
2421	928.41
2422	928.63
2423	929.22
2424	929.86
2425	929.01
2426	929.38
2427	928.98
2428	929.13
2429	929.48
2430	927.87
2431	928.93
2432	927.71
2433	928.71
2434	929.13
2435	927.85
2436	928.29
2437	928
2438	927.12
2439	928.03
2440	928.32
2441	928.41
2442	928.13
2443	929.69
2444	928.12
2445	928.71
2446	926.35
2447	926.81
2448	928.43
2449	929.77
2450	928.36
2451	929.02
2452	928.04
2453	929.15
2454	929.34
2455	927.08
2456	927.79
2457	928.04
2458	928.48
2459	927.28
2460	927.56
2461	929.76
2462	927.84
2463	927.92
2464	928.4
2465	929.03
2466	929.25
2467	928.41
2468	927.61
2469	928.36
2470	928.99
2471	929.46
2472	926.34
2473	928.69
2474	927.94
2475	927.07
2476	926.33
2477	928.12
2478	928.96
2479	927.72
2480	928.42
2481	928.07
2482	928.2
2483	926.54
2484	928.47
2485	929.32
2486	928.78
2487	927.77
2488	929.71
2489	927.89
2490	929.36
2491	929.9
2492	928.43
2493	927.16
2494	929.28
2495	930.36
2496	928.33
2497	928.97
2498	928.58
2499	928.47
2500	929.06
2501	928.73
2502	928.73
2503	928.86
2504	928.3
2505	928.64
2506	929.59
2507	929.64
2508	930.92
2509	929.55
2510	929.47
2511	929.15
2512	928.11
2513	930.42
2514	930.04
2515	928.6
2516	929.33
2517	928.72
2518	928.8
2519	929.71
2520	928.19
2521	928.36
2522	928.3
2523	929.83
2524	929.39
2525	929.93
2526	929.93
2527	928.95
2528	929.34
2529	928.12
2530	928.36
2531	929.6
2532	929.86
2533	928.13
2534	927.9
2535	927.86
2536	928.05
2537	927.71
2538	928.53
2539	927.33
2540	928.07
2541	927.06
2542	927.57
2543	926.71
2544	926.17
2545	926.75
2546	926.86
2547	926.38
2548	927.56
2549	927.55
2550	925.2
2551	925.31
2552	924.33
2553	925.48
2554	925.88
2555	926.03
2556	924.76
2557	925.93
2558	926.6
2559	925.36
2560	926.16
2561	925.56
2562	926.7
2563	925.77
2564	927.76
2565	926.46
2566	927.77
2567	925.46
2568	926.34
2569	926
2570	924.92
2571	925.66
2572	926.05
2573	924.53
2574	925.33
2575	925.08
2576	926.54
2577	925.78
2578	927.12
2579	925.78
2580	926.04
2581	924.8
2582	925.78
2583	924.72
2584	925
2585	925.07
2586	926.96
2587	926.83
2588	925.97
2589	925.22
2590	926.26
2591	925.28
2592	927.02
2593	927.06
2594	925.83
2595	925.8
2596	926.17
2597	926.68
2598	926.66
2599	926.79
2600	925.55
2601	927.79
2602	926.92
2603	925.9
2604	926.55
2605	927.44
2606	927.4
2607	926.03
2608	926.13
2609	927.04
2610	927.46
2611	927.74
2612	927.95
2613	926.94
2614	925.37
2615	926.23
2616	926.97
2617	926.03
2618	926.63
2619	925.37
2620	927.06
2621	927.4
2622	927.24
2623	926.34
2624	927.95
2625	926.39
2626	926.89
2627	926.17
2628	928.15
2629	926.77
2630	927.76
2631	927.03
2632	928.44
2633	926.88
2634	926.91
2635	928.05
2636	926.97
2637	927.26
2638	926.82
2639	926.81
2640	925.86
2641	927.84
2642	927.6
2643	928.58
2644	928.5
2645	928.79
2646	927.86
2647	927.21
2648	927.3
2649	928.38
2650	927.7
2651	928.16
2652	927.01
2653	928.36
2654	926.93
2655	928.56
2656	928.18
2657	927.16
2658	929.11
2659	928.43
2660	928.43
2661	927.62
2662	927.63
2663	928.67
2664	927.69
2665	928.78
2666	926.64
2667	927.56
2668	927.08
2669	927.27
2670	929.17
2671	926.94
2672	927.08
2673	928.16
2674	927.8
2675	928.95
2676	927.32
2677	927.65
2678	928.66
2679	928.84
2680	928.28
2681	930.41
2682	927.03
2683	928.8
2684	927.85
2685	927.45
2686	929.12
2687	926.39
2688	929.55
2689	927.23
2690	928.94
2691	928.88
2692	928.29
2693	926.94
2694	927.29
2695	926.67
2696	928.36
2697	928.27
2698	927.71
2699	927.49
2700	925.4
2701	927.5
2702	926.25
2703	925.62
2704	925.13
2705	924.69
2706	925.34
2707	925.48
2708	926.46
2709	926.33
2710	926.28
2711	926.17
2712	926.21
2713	927.43
2714	926.62
2715	926.36
2716	927.34
2717	925.04
2718	926.42
2719	927.26
2720	927.26
2721	927.44
2722	927.41
2723	927.88
2724	928.21
2725	928.72
2726	928.71
2727	927.82
2728	928.85
2729	928.57
2730	927.97
2731	927.87
2732	927.01
2733	927.71
2734	927.99
2735	928.03
2736	927.31
2737	928.53
2738	927.25
2739	928.47
2740	927.79
2741	927.77
2742	929.12
2743	926.69
2744	930.48
2745	927.77
2746	928.01
2747	927.59
2748	928.11
2749	927.83
2750	927.97
2751	928.17
2752	926.69
2753	927.02
2754	927.32
2755	926.59
2756	927.63
2757	928.54
2758	927.7
2759	926.95
2760	927.04
2761	927.59
2762	927.4
2763	928.09
2764	928.6
2765	928.8
2766	927.32
2767	928.17
2768	927.6
2769	928.8
2770	928.58
2771	927.13
2772	928.7
2773	927.65
2774	928.35
2775	927.3
2776	929.47
2777	927.31
2778	928.74
2779	929.55
2780	928.9
2781	928.6
2782	929.98
2783	930.6
2784	929.63
2785	928.89
2786	929.86
2787	928.71
2788	929.35
2789	930.67
2790	929.19
2791	931.37
2792	930.26
2793	930.03
2794	928.48
2795	930.02
2796	929.84
2797	930.34
2798	930.79
2799	929.85
2800	930.95
2801	929.76
2802	928.9
2803	929.27
2804	929.75
2805	930.16
2806	929.61
2807	931.31
2808	931.41
2809	929.33
2810	929.9
2811	931.25
2812	929.58
2813	929.33
2814	929.38
2815	930.56
2816	929.46
2817	927.69
2818	929.66
2819	928.39
2820	929.53
2821	928.83
2822	929.22
2823	927.97
2824	928.76
2825	928.88
2826	928.01
2827	927.61
2828	927.48
2829	930.38
2830	928.93
2831	929.14
2832	930.33
2833	928.6
2834	928.28
2835	930.15
2836	927.89
2837	929.77
2838	928.82
2839	928.52
2840	929.85
2841	928.79
2842	927.52
2843	928.59
2844	929.38
2845	927.01
2846	928.69
2847	928.3
2848	927.52
2849	928.39
2850	928.78
2851	929.77
2852	927.1
2853	928.58
2854	927.72
2855	928.23
2856	928.23
2857	928.03
2858	928.84
2859	926.84
2860	927.34
2861	926.27
2862	929.54
2863	928.06
2864	928.31
2865	927.82
2866	927.75
2867	927.42
2868	928.24
2869	929.05
2870	929.16
2871	928.28
2872	927.07
2873	928.02
2874	927.16
2875	928.02
2876	927.71
2877	928.22
2878	928.88
2879	928.73
2880	928.04
2881	928.39
2882	927.42
2883	928.76
2884	928.81
2885	927.7
2886	929.14
2887	929.23
2888	928.43
2889	930.36
2890	928.42
2891	926.51
2892	926.95
2893	928.23
2894	928.06
2895	926.2
2896	925.21
2897	926.57
2898	927.18
2899	927.51
2900	926.72
2901	925.93
2902	926.64
2903	927.98
2904	926.39
2905	925.96
2906	927.77
2907	926.44
2908	926.08
2909	924.65
2910	926.69
2911	925.61
2912	925.52
2913	926.36
2914	927.14
2915	925.33
2916	927.61
2917	925.5
2918	926.51
2919	926.01
2920	925.29
2921	926.44
2922	925.22
2923	925.59
2924	927.19
2925	926.6
2926	926.73
2927	927.46
2928	927.16
2929	926.47
2930	927.72
2931	927.26
2932	926.32
2933	928.04
2934	929.45
2935	927.42
2936	928.42
2937	927.56
2938	926.96
2939	928.4
2940	928.43
2941	926.83
2942	926.88
2943	927.65
2944	928.77
2945	927.86
2946	929.05
2947	927.92
2948	928.31
2949	927.63
2950	927.47
2951	929.14
2952	927.55
2953	926.77
2954	928.07
2955	927.92
2956	927.27
2957	927.49
2958	926.96
2959	926.02
2960	926.39
2961	927.58
2962	926.98
2963	926.96
2964	926.05
2965	926.02
2966	927.94
2967	927.32
2968	927.76
2969	925.39
2970	925.64
2971	926.23
2972	926.84
2973	927.55
2974	927.76
2975	926.55
2976	926.75
2977	926.5
2978	925.54
2979	926.18
2980	925.56
2981	926.69
2982	925.41
2983	925.83
2984	926.61
2985	926.81
2986	927.97
2987	928.32
2988	926.29
2989	928.05
2990	928.08
2991	927.44
2992	927.52
2993	926.17
2994	928.29
2995	926.76
2996	926.73
2997	927.23
2998	928.27
2999	925.93
3000	927.19
3001	926.5
3002	926.02
3003	926.83
3004	927.5
3005	926.3
3006	925.7
3007	926.7
3008	926.15
3009	926.43
3010	927.39
3011	926.57
3012	927.31
3013	927.18
3014	927.07
3015	927.12
3016	925.85
3017	926.29
3018	925.3
3019	925.99
3020	925.95
3021	925.12
3022	926.18
3023	927.69
3024	926.22
3025	926.13
3026	925.93
3027	925.39
3028	925.48
3029	925.9
3030	928.19
3031	927.29
3032	927.89
3033	926.32
3034	926.86
3035	926.42
3036	925.49
3037	927.11
3038	927.32
3039	926.2
3040	924.72
3041	925.82
3042	926.17
3043	925.88
3044	927.72
3045	927.28
3046	926.43
3047	924.86
3048	924.45
3049	926.24
3050	925.63
3051	925.85
3052	924.23
3053	925.81
3054	924.46
3055	924.28
3056	923.81
3057	923.82
3058	923.15
3059	924.66
3060	924.67
3061	924.7
3062	925.17
3063	924.09
3064	924.32
3065	923.75
3066	926.15
3067	923.99
3068	925.31
3069	923.6
3070	924.45
3071	925
3072	924.61
3073	924.36
3074	925.54
3075	925.08
3076	924.76
3077	924.96
3078	922.79
3079	923.24
3080	924.2
3081	925.03
3082	922.92
3083	926.48
3084	923.41
3085	924.52
3086	924.12
3087	925.93
3088	925.08
3089	923.86
3090	924.68
3091	924.16
3092	925.37
3093	924.9
3094	925.75
3095	923.76
3096	924.19
3097	923.35
3098	921.81
3099	924.51
3100	921.86
3101	922.45
3102	922.87
3103	924.73
3104	922.35
3105	921.89
3106	924.19
3107	924.55
3108	924.56
3109	923.91
3110	924.6
3111	926.5
3112	926.54
3113	923.3
3114	923.52
3115	924.97
3116	924.88
3117	923.82
3118	924.15
3119	923.3
3120	924.08
3121	924.5
3122	923.92
3123	924.63
3124	923.55
3125	923.1
3126	922.97
3127	924.29
3128	924.45
3129	926.13
3130	925.62
3131	924.54
3132	925.98
3133	924.17
3134	925.54
3135	925.85
3136	925.11
3137	927.01
3138	925.15
3139	923.52
3140	923.15
3141	923.75
3142	923.88
3143	924.49
3144	923.84
3145	923.33
3146	924.42
3147	923.72
3148	923.51
3149	922.97
3150	924.62
3151	924
3152	923.47
3153	922.05
3154	922.52
3155	922.65
3156	922.43
3157	922.98
3158	923.87
3159	923.1
3160	925.29
3161	923.48
3162	922.58
3163	923.34
3164	922.72
3165	921.97
3166	922.22
3167	922.81
3168	923.15
3169	924.24
3170	922.1
3171	922.77
3172	921.46
3173	922.06
3174	923.29
3175	922.93
3176	922.81
3177	922.21
3178	921.57
3179	921.6
3180	920.39
3181	920.8
3182	922.18
3183	920.83
3184	923.79
3185	921.45
3186	921.98
3187	920.62
3188	920.62
3189	921.49
3190	921.97
3191	921.47
3192	922.18
3193	920.73
3194	921.13
3195	921.88
3196	922.4
3197	921.92
3198	920.63
3199	921.62
3200	921.02
3201	922.36
3202	922.72
3203	920.85
3204	921.79
3205	920.44
3206	920.91
3207	921.89
3208	920.42
3209	921.49
3210	921.55
3211	921.87
3212	922.07
3213	922.5
3214	920.76
3215	921.68
3216	921.46
3217	920.75
3218	920.58
3219	920.94
3220	919.44
3221	919.77
3222	919.78
3223	919.7
3224	919.77
3225	921.01
3226	920.65
3227	920.77
3228	920.92
3229	919.43
3230	918.21
3231	919.96
3232	918.73
3233	918.45
3234	918.8
3235	917.1
3236	916.42
3237	916.12
3238	919.17
3239	918.49
3240	916.87
3241	919.06
3242	917.35
3243	918.05
3244	916.98
3245	917.19
3246	916.51
3247	916.38
3248	916.86
3249	916.77
3250	916.87
3251	916.46
3252	917.82
3253	917.37
3254	916.97
3255	916.68
3256	917.49
3257	918.46
3258	917.4
3259	916.7
3260	916.12
3261	917.26
3262	914.68
3263	914.82
3264	916.11
3265	915.06
3266	914.8
3267	916.27
3268	914.84
3269	915.28
3270	915.83
3271	916.22
3272	915.48
3273	915.75
3274	916.85
3275	915.29
3276	916.68
3277	916.88
3278	914.52
3279	915.85
3280	915.91
3281	916.38
3282	914.95
3283	915.12
3284	914.73
3285	914.75
3286	914.36
3287	915.3
3288	914.81
3289	916.38
3290	915.17
3291	915.51
3292	915.07
3293	915.48
3294	915.76
3295	916.99
3296	916.23
3297	915.46
3298	914.93
3299	916.28
3300	915
3301	915.56
3302	915.02
3303	914.91
3304	914.46
3305	915.6
3306	915.98
3307	914.29
3308	914.7
3309	915.3
3310	914.62
3311	914.52
3312	915.88
3313	914.54
3314	914.38
3315	914.96
3316	915.21
3317	913.57
3318	914.98
3319	914.41
3320	913.24
3321	913.26
3322	914.53
3323	915.17
3324	913.98
3325	914.35
3326	914.02
3327	913.34
3328	912.63
3329	913.23
3330	914.25
3331	913.55
3332	914.46
3333	913.19
3334	914.4
3335	913.63
3336	913.91
3337	914.3
3338	915.08
3339	913.82
3340	913.94
3341	914.77
3342	915.62
3343	915.66
3344	915.1
3345	915.47
3346	914.77
3347	913.11
3348	913.46
3349	913.32
3350	912.93
3351	912.78
3352	914.04
3353	911.94
3354	913
3355	913.75
3356	914.64
3357	912.74
3358	913.24
3359	912.67
3360	913.1
3361	913.01
3362	912.31
3363	911.86
3364	912.14
3365	912.65
3366	912.05
3367	911.44
3368	913.08
3369	911.84
3370	912.04
3371	911.78
3372	913.43
3373	912.11
3374	912.52
3375	912.02
3376	911.99
3377	913.12
3378	912.32
3379	912.89
3380	912.97
3381	912.06
3382	913.32
3383	912.93
3384	911.13
3385	912.76
3386	913.13
3387	911.6
3388	912.3
3389	913.54
3390	911.84
3391	911.96
3392	913.17
3393	912.2
3394	910.97
3395	912.35
3396	912.18
3397	910.89
3398	910.19
3399	909.87
3400	910.85
3401	910.26
3402	909.85
3403	909.85
3404	910.69
3405	911.08
3406	910.89
3407	909.76
3408	909.57
3409	909.71
3410	908.74
3411	910.01
3412	909.91
3413	911.29
3414	909.21
3415	909.88
3416	910.07
3417	911.5
3418	909.87
3419	909.98
3420	909.73
3421	909.66
3422	910.04
3423	909.52
3424	908.99
3425	910.17
3426	910.78
3427	911.23
3428	909.16
3429	910.92
3430	909.68
3431	910.36
3432	910.71
3433	909.3
3434	910.11
3435	911
3436	910.76
3437	911.26
3438	910.53
3439	909.35
3440	912.51
3441	911.42
3442	910.03
3443	910.63
3444	909.87
3445	910.48
3446	911.44
3447	909.32
3448	910.77
3449	909.3
3450	909.93
3451	911.16
3452	910.82
3453	910.85
3454	910.93
3455	910.63
3456	911.19
3457	912.46
3458	911.82
3459	911.04
3460	912.59
3461	911.93
3462	911.09
3463	911.93
3464	910.02
3465	911.29
3466	910.45
3467	913.31
3468	912.45
3469	911.98
3470	912.43
3471	911.53
3472	910.91
3473	911.56
3474	912.51
3475	912.33
3476	910.72
3477	909.54
3478	909.93
3479	910.02
3480	911.84
3481	910.57
3482	910.93
3483	911.16
3484	909.64
3485	910.94
3486	910.85
3487	912.86
3488	909.41
3489	911.34
3490	910.97
3491	910.51
3492	909.97
3493	909.65
3494	910.44
3495	909.42
3496	909.37
3497	909.85
3498	911.34
3499	909.04
3500	911.3
3501	910.3
3502	910.17
3503	911.43
3504	910.36
3505	911.24
3506	911.06
3507	910.9
3508	911.46
3509	910.51
3510	910.65
3511	910.28
3512	909.72
3513	910.49
3514	910.32
3515	910.85
3516	910.63
3517	910.09
3518	910.16
3519	910.83
3520	910.93
3521	910.14
3522	910.62
3523	910.24
3524	911.26
3525	909.59
3526	910.18
3527	910.65
3528	909.76
3529	911.02
3530	911.42
3531	910.43
3532	910.18
3533	910.71
3534	910.04
3535	909.87
3536	909.39
3537	910.1
3538	909.53
3539	909.22
3540	911.08
3541	911.47
3542	908.95
3543	910.28
3544	911.46
3545	910.72
3546	909.59
3547	910.94
3548	909.13
3549	909.88
3550	909.54
3551	909.55
3552	909.66
3553	909.4
3554	910.19
3555	909.8
3556	910.88
3557	909.75
3558	909.97
3559	909.8
3560	909.12
3561	909.35
3562	911.08
3563	909.86
3564	910.84
3565	910.87
3566	911.96
3567	911.19
3568	911.63
3569	911.3
3570	911.36
3571	911.54
3572	912.47
3573	912.44
3574	913.3
3575	912.07
3576	912.03
3577	911.71
3578	910.86
3579	913.08
3580	913.53
3581	912.75
3582	913.01
3583	913.67
3584	913.05
3585	913.38
3586	913.52
3587	912.04
3588	912.7
3589	914.71
3590	911.37
3591	911.05
3592	913.45
3593	913.4
3594	912.34
3595	911.62
3596	912.8
3597	911.94
3598	912.42
3599	911.36
3600	911.81
3601	912.13
3602	912.13
3603	912.54
3604	912.25
3605	911.65
3606	912.19
3607	911.8
3608	913.08
3609	911.48
3610	912.62
3611	912.19
3612	910.59
3613	912.46
3614	912
3615	911.61
3616	910.28
3617	911.61
3618	911
3619	910.95
3620	910.26
3621	909.98
3622	911.21
3623	911.53
3624	912.2
3625	910.14
3626	911.36
3627	912.57
3628	911.28
3629	911.31
3630	911.53
3631	910.99
3632	911.61
3633	910.49
3634	912.19
3635	910.74
3636	911.69
3637	911.05
3638	910.66
3639	910.16
3640	910.65
3641	909.03
3642	910.82
3643	908.66
3644	908.67
3645	909.12
3646	911.33
3647	909.27
3648	909.4
3649	909.28
3650	910.2
3651	909.85
3652	909.88
3653	908.86
3654	907.34
3655	909.79
3656	910.04
3657	910.57
3658	909.92
3659	910.24
3660	907.94
3661	908.68
3662	908.36
3663	908.31
3664	910.09
3665	908.26
3666	909.23
3667	910.16
3668	910.19
3669	910.13
3670	909.55
3671	909.6
3672	909.45
3673	910.39
3674	910.51
3675	909.8
3676	911.17
3677	910
3678	910.13
3679	910.74
3680	910.04
3681	910.96
3682	910.51
3683	910.71
3684	911.05
3685	911.42
3686	910.53
3687	909.91
3688	909.95
3689	910.82
3690	910.41
3691	911.14
3692	910.61
3693	909.47
3694	909.49
3695	911.36
3696	909.46
3697	909.08
3698	909.31
3699	909.65
3700	908.74
3701	909.91
3702	910.01
3703	909.77
3704	910.92
3705	909.17
3706	909.77
3707	910.39
3708	909.3
3709	910.23
3710	910.32
3711	910.68
3712	910.96
3713	911.82
3714	910.31
3715	910.87
3716	911.44
3717	911.43
3718	909.85
3719	911.61
3720	911.57
3721	909.75
3722	911
3723	911.02
3724	909.02
3725	911.1
3726	910.73
3727	909.27
3728	910.58
3729	909.1
3730	909.61
3731	908.84
3732	909.91
3733	909.13
3734	909.87
3735	909.74
3736	908.85
3737	908.85
3738	909.78
3739	911.35
3740	908.24
3741	907.85
3742	908.52
3743	909.74
3744	908.77
3745	908.65
3746	907.9
3747	907.54
3748	906.41
3749	906.93
3750	906.47
3751	907.73
3752	907.48
3753	906
3754	908.38
3755	907.03
3756	909.01
3757	907.26
3758	907.22
3759	908.13
3760	907.61
3761	907.98
3762	907.25
3763	907.16
3764	906.49
3765	907.44
3766	906.06
3767	905.52
3768	906.12
3769	906.71
3770	907.18
3771	907.37
3772	906.57
3773	907.91
3774	907.5
3775	906.69
3776	906.6
3777	906.68
3778	907.06
3779	906.68
3780	907.35
3781	906.57
3782	905.58
3783	906.7
3784	906.08
3785	905.25
3786	904.9
3787	904.02
3788	904.89
3789	906.47
3790	904.31
3791	904.77
3792	904.93
3793	905.29
3794	904.93
3795	905.3
3796	904.22
3797	905.22
3798	904.39
3799	905.19
3800	905.6
3801	904.78
3802	903.73
3803	904.34
3804	905.87
3805	904.14
3806	904.59
3807	905.07
3808	904.04
3809	904.9
3810	905.41
3811	904.16
3812	904.96
3813	904.74
3814	905.58
3815	904.32
3816	904.27
3817	903.31
3818	903.45
3819	904.94
3820	905.58
3821	905.92
3822	906.72
3823	905.98
3824	904.8
3825	904.99
3826	904.53
3827	904.59
3828	905.59
3829	905.4
3830	906.3
3831	905.37
3832	904.52
3833	904.85
3834	905.27
3835	905.52
3836	903.21
3837	904.44
3838	904.86
3839	905.18
3840	905.36
3841	905.3
3842	904.67
3843	904.91
3844	905.49
3845	904.41
3846	905.15
3847	906.05
3848	904.9
3849	906.94
3850	905.59
3851	906.81
3852	906.33
3853	905.58
3854	904.69
3855	905.59
3856	905.03
3857	906.87
3858	906.67
3859	906.7
3860	905.76
3861	905.54
3862	904.9
3863	905.85
3864	906.55
3865	905.83
3866	904.33
3867	906.74
3868	904.98
3869	904.22
3870	905.22
3871	905.15
3872	905.3
3873	905.55
3874	906.55
3875	906.72
3876	905.53
3877	907.02
3878	906.66
3879	905.33
3880	905.05
3881	906.39
3882	906.47
3883	905.53
3884	904.9
3885	907.11
3886	907.61
3887	905.8
3888	907.96
3889	905.16
3890	907.01
3891	906.72
3892	906.2
3893	906.84
3894	906.4
3895	906.36
3896	906.93
3897	905.76
3898	906.31
3899	906.54
3900	905.48
3901	905.8
3902	906.49
3903	906.51
3904	907.09
3905	905.28
3906	907.21
3907	907.8
3908	907.61
3909	905.07
3910	906.63
3911	905.95
3912	906.91
3913	906.05
3914	906.71
3915	907.5
3916	905.69
3917	905.61
3918	906.25
3919	906.38
3920	905.93
3921	906.56
3922	905.48
3923	906.54
3924	907.22
3925	907.02
3926	908.35
3927	906.93
3928	906.52
3929	904.78
3930	908.25
3931	906.05
3932	906.07
3933	906.39
3934	906.23
3935	905.31
3936	906.05
3937	905
3938	906.73
3939	905.23
3940	906.01
3941	905.85
3942	904.78
3943	905.19
3944	904.79
3945	905.66
3946	904.55
3947	905.1
3948	905.33
3949	903.88
3950	904.63
3951	904.85
3952	905.12
3953	904.47
3954	905.42
3955	905.89
3956	904.21
3957	904.77
3958	903.87
3959	905.42
3960	904.45
3961	904.43
3962	902.93
3963	905.36
3964	905.15
3965	904.82
3966	904.1
3967	905.69
3968	904.76
3969	906.2
3970	905.12
3971	905.79
3972	905.85
3973	906.15
3974	904.87
3975	905.11
3976	904.76
3977	907.05
3978	906.26
3979	906.3
3980	907.01
3981	905.02
3982	904.94
3983	905.04
3984	904.32
3985	902.59
3986	904.3
3987	904.47
3988	903.35
3989	905.37
3990	903.85
3991	903.8
3992	904.27
3993	905.38
3994	903.82
3995	903.45
3996	904.61
3997	904.58
3998	903.57
3999	903.31
4000	903.17
4001	902.54
4002	902.42
4003	903.64
4004	903.51
4005	903.78
4006	903.61
4007	902.46
4008	903.13
4009	901.97
4010	903.08
4011	902.9
4012	903.93
4013	903.28
4014	904.19
4015	903.41
4016	902.76
4017	905.38
4018	904.6
4019	904.01
4020	904.91
4021	903.41
4022	904.08
4023	903.74
4024	903.21
4025	904.95
4026	904
4027	904.81
4028	905.91
4029	904.22
4030	903.41
4031	904.75
4032	904.59
4033	904.15
4034	903.56
4035	904.93
4036	904.55
4037	903.54
4038	902.77
4039	904.65
4040	903.98
4041	904.52
4042	903.8
4043	904.51
4044	905.59
4045	904.47
4046	904.6
4047	903.46
4048	903.99
4049	903.51
4050	903.14
4051	903.08
4052	901.81
4053	903.02
4054	902.61
4055	902.31
4056	902.71
4057	901.86
4058	902.53
4059	903.13
4060	902.51
4061	901.75
4062	902.81
4063	902.94
4064	901.66
4065	901.78
4066	902.15
4067	903.92
4068	902.34
4069	901.55
4070	904.34
4071	903.75
4072	903.07
4073	903.11
4074	902.71
4075	903.01
4076	902.54
4077	901.47
4078	902.15
4079	901.92
4080	901.57
4081	903.73
4082	902.77
4083	902.82
4084	902.65
4085	901.5
4086	901.44
4087	902.13
4088	901.93
4089	903.21
4090	902.38
4091	902.74
4092	902.76
4093	901.97
4094	902.64
4095	903.07
4096	901.87
4097	902.35
4098	902.25
4099	903.58
4100	903.01
4101	903.96
4102	901.9
4103	902.71
4104	902.02
4105	903.07
4106	901.43
4107	900.65
4108	901.72
4109	900.46
4110	901.88
4111	900.39
4112	899.59
4113	901.1
4114	901.72
4115	902.36
4116	899.95
4117	902.66
4118	901.3
4119	901.26
4120	899.98
4121	900.46
4122	900.93
4123	900.47
4124	901.11
4125	900.65
4126	900.46
4127	899.98
4128	900.48
4129	900.58
4130	899.58
4131	900.03
4132	901.42
4133	900.2
4134	900.43
4135	901.44
4136	899.75
4137	900.33
4138	902.42
4139	901.3
4140	900.17
4141	901.26
4142	900.3
4143	901.86
4144	899.49
4145	900.77
4146	900.34
4147	901.46
4148	901.58
4149	901.55
4150	900.6
4151	900.7
4152	901.63
4153	899.54
4154	900.09
4155	900.04
4156	901.24
4157	900.75
4158	900.88
4159	900.64
4160	901.08
4161	900.54
4162	900.91
4163	900.67
4164	900.45
4165	900.33
4166	901.64
4167	899.73
4168	900.28
4169	900.89
4170	899.66
4171	900.55
4172	900.02
4173	899.23
4174	900.35
4175	899.11
4176	899.59
4177	899.72
4178	900.19
4179	899.92
4180	900.96
4181	899.71
4182	900.08
4183	899.71
4184	899.96
4185	900.06
4186	900.1
4187	899.84
4188	899.85
4189	899.33
4190	900.58
4191	899.21
4192	898.09
4193	899.47
4194	899.55
4195	899.45
4196	900.8
4197	900.1
4198	899.99
4199	900.55
4200	900.24
4201	899.99
4202	898.41
4203	899.76
4204	900.56
4205	899.31
4206	899
4207	899.92
4208	899.33
4209	899.38
4210	900.27
4211	900.7
4212	901.2
4213	900.4
4214	899.63
4215	900.32
4216	899.58
4217	898.21
4218	899.4
4219	898.93
4220	899.23
4221	899.14
4222	899.26
4223	898.59
4224	899.44
4225	898.26
4226	898.65
4227	900.72
4228	899.82
4229	899.77
4230	898.52
4231	897.8
4232	899.51
4233	900.44
4234	898.72
4235	898.07
4236	897.49
4237	900.24
4238	897.13
4239	896.8
4240	896.4
4241	897.54
4242	897.33
4243	896.06
4244	897.3
4245	897.31
4246	896.43
4247	896.8
4248	896.91
4249	898.21
4250	897.92
4251	897.96
4252	897.95
4253	898.56
4254	897.13
4255	897.45
4256	896.66
4257	896.86
4258	897.24
4259	897.64
4260	899.53
4261	897.47
4262	897.62
4263	898.73
4264	897.63
4265	899.04
4266	897.1
4267	896.63
4268	897.97
4269	897.52
4270	897.95
4271	898.96
4272	898.1
4273	897.13
4274	897.49
4275	897.77
4276	897.9
4277	897.84
4278	897.13
4279	896.62
4280	897.98
4281	897.02
4282	896.43
4283	897.88
4284	898.34
4285	896.21
4286	897.36
4287	896.94
4288	896.76
4289	897.88
4290	896.23
4291	897.35
4292	898.03
4293	896.79
4294	895.16
4295	895.85
4296	897.81
4297	897.35
4298	895.94
4299	896.36
4300	895.5
4301	895.73
4302	895.85
4303	895.35
4304	894.98
4305	895.11
4306	895.59
4307	895.86
4308	895.03
4309	895.55
4310	895.12
4311	896.44
4312	894.62
4313	894.23
4314	894.21
4315	894.16
4316	894.25
4317	895.14
4318	895.34
4319	894.35
4320	894.69
4321	894.14
4322	896.38
4323	893.87
4324	894.9
4325	895.61
4326	894.92
4327	895.02
4328	895.88
4329	895.18
4330	895.28
4331	895.39
4332	895.74
4333	896.47
4334	894.8
4335	897.44
4336	896.25
4337	898.02
4338	896.92
4339	897.17
4340	896.86
4341	897.06
4342	896.69
4343	896.85
4344	896.63
4345	897.77
4346	897.61
4347	897
4348	895.95
4349	896.39
4350	895.39
4351	896.37
4352	896.67
4353	895.63
4354	896.02
4355	896.29
4356	897
4357	895.77
4358	895.51
4359	895.27
4360	895.75
4361	894.61
4362	896.03
4363	895.2
4364	895.11
4365	896.23
4366	895.29
4367	895.01
4368	896.44
4369	896.6
4370	895.86
4371	897
4372	895.37
4373	896
4374	894
4375	894.68
4376	895.28
4377	895.33
4378	895.8
4379	894.85
4380	895.05
4381	895.17
4382	895.51
4383	894.76
4384	897.17
4385	894.89
4386	895.11
4387	895.17
4388	896.74
4389	895.24
4390	896.79
4391	896.17
4392	896.93
4393	896.52
4394	896.81
4395	896.02
4396	894.79
4397	896.02
4398	895.64
4399	894.84
4400	895.65
4401	897.65
4402	895.28
4403	896.7
4404	894.9
4405	896.65
4406	895.55
4407	897.06
4408	897.51
4409	897.24
4410	897.83
4411	895.48
4412	896.01
4413	897.59
4414	896.78
4415	896.71
4416	896.74
4417	895.84
4418	896.18
4419	896.56
4420	897.22
4421	895.38
4422	896.54
4423	897.02
4424	895.32
4425	896.02
4426	896.15
4427	897.05
4428	896.31
4429	895.19
4430	896.02
4431	895.5
4432	895.01
4433	895.86
4434	896.52
4435	896.61
4436	894.87
4437	894.8
4438	895.62
4439	896.86
4440	896.17
4441	895.16
4442	895.69
4443	895.31
4444	895.04
4445	895.14
4446	896.11
4447	894.88
4448	894.2
4449	894.27
4450	895.54
4451	895.5
4452	894.62
4453	894.81
4454	894.93
4455	894.42
4456	895.3
4457	894.43
4458	894.12
4459	894.67
4460	894.14
4461	895.41
4462	895.3
4463	894.17
4464	894.74
4465	894.45
4466	895.44
4467	897.03
4468	896.94
4469	894.51
4470	895.25
4471	895.88
4472	895.76
4473	896.13
4474	895.37
4475	896.14
4476	894.65
4477	894.99
4478	895.98
4479	895.29
4480	897.04
4481	893.8
4482	895.93
4483	894.16
4484	896.2
4485	894.72
4486	894.82
4487	895.93
4488	895.16
4489	895.33
4490	894.88
4491	894.11
4492	894.18
4493	894.21
4494	893.55
4495	895.31
4496	894.77
4497	894.13
4498	893.55
4499	894.13
4500	894.27
4501	894.36
4502	893.71
4503	895.09
4504	895.13
4505	893.9
4506	892.59
4507	894.45
4508	894.28
4509	894.68
4510	894.96
4511	894.67
4512	895.35
4513	895.28
4514	896.88
4515	894.84
4516	896.14
4517	895.06
4518	895.99
4519	894.97
4520	896.49
4521	895.67
4522	896.42
4523	895.97
4524	896.42
4525	895.83
4526	895.29
4527	895.86
4528	897.66
4529	896.66
4530	896.56
4531	897.64
4532	897.53
4533	897.23
4534	896.15
4535	897.74
4536	897.29
4537	896.69
4538	897.15
4539	897.25
4540	897.64
4541	899.05
4542	897.77
4543	896.84
4544	897.17
4545	896.92
4546	896.83
4547	895.3
4548	896.72
4549	896.32
4550	896.12
4551	895.86
4552	896.63
4553	897.13
4554	896.64
4555	896.27
4556	897.31
4557	895.61
4558	896.29
4559	896.29
4560	896.6
4561	896.59
4562	895.91
4563	895.24
4564	895.7
4565	895.9
4566	894.38
4567	895.12
4568	895.4
4569	894.98
4570	895.67
4571	894.95
4572	894.61
4573	895.83
4574	895.4
4575	894.59
4576	893.55
4577	895.52
4578	894.11
4579	893.45
4580	893.62
4581	893.27
4582	893.64
4583	894.64
4584	892.92
4585	893.76
4586	894.52
4587	894.16
4588	894.28
4589	894.6
4590	893.93
4591	893.21
4592	894.54
4593	893.79
4594	893.79
4595	895.9
4596	893.54
4597	894.62
4598	894.27
4599	893.88
4600	892.77
4601	892.61
4602	892.23
4603	892.58
4604	892.75
4605	892.73
4606	891.66
4607	891.96
4608	892.28
4609	893.13
4610	892.23
4611	892.52
4612	892.46
4613	892.14
4614	891.43
4615	891.67
4616	891.23
4617	891.75
4618	891.64
4619	892.75
4620	892.14
4621	891.75
4622	893.7
4623	891.67
4624	892.74
4625	892.3
4626	892.99
4627	893.06
4628	892.2
4629	893.11
4630	893.26
4631	892.31
4632	892.35
4633	892.75
4634	893.52
4635	892.63
4636	893.79
4637	893.15
4638	893.83
4639	892.79
4640	893.02
4641	891.25
4642	891.01
4643	892.86
4644	890.44
4645	892.69
4646	891.59
4647	891.2
4648	891.75
4649	891.54
4650	892.58
4651	891.19
4652	891.19
4653	891.86
4654	891.17
4655	891.39
4656	890.76
4657	890.33
4658	890.01
4659	890.11
4660	889.19
4661	890.47
4662	891.06
4663	890.88
4664	889.76
4665	890.62
4666	889.33
4667	889.86
4668	891.27
4669	888.16
4670	891.51
4671	889.4
4672	890.74
4673	890.4
4674	890.19
4675	889.78
4676	891.96
4677	889.59
4678	890.29
4679	889.31
4680	890.63
4681	889.26
4682	891.45
4683	890.11
4684	890.21
4685	891.21
4686	889.85
4687	889.34
4688	890.39
4689	890.73
4690	890.93
4691	890.93
4692	890.19
4693	889.25
4694	890.55
4695	890.83
4696	889.79
4697	889.89
4698	889.67
4699	890.03
4700	889
4701	888.69
4702	890.11
4703	888.84
4704	889.85
4705	888.05
4706	889.01
4707	889.58
4708	889.22
4709	888.29
4710	888.46
4711	888.36
4712	889.75
4713	889.39
4714	888.67
4715	890.15
4716	890.65
4717	890.41
4718	890.12
4719	890.65
4720	890.52
4721	888.86
4722	888.99
4723	889.17
4724	889.28
4725	889.38
4726	889.05
4727	888.09
4728	888.15
4729	888.14
4730	888.3
4731	888.63
4732	888.99
4733	888.65
4734	889.07
4735	890.09
4736	888.7
4737	888.83
4738	889.05
4739	888.53
4740	887.04
4741	888.21
4742	889.35
4743	887.41
4744	889.94
4745	890
4746	889.03
4747	887.79
4748	889.39
4749	888.36
4750	889.09
4751	888.76
4752	888.43
4753	890.06
4754	889.64
4755	887.94
4756	889.28
4757	888.84
4758	889.13
4759	889.4
4760	888.67
4761	888.99
4762	889.25
4763	888.49
4764	889.37
4765	887.36
4766	889.41
4767	887.89
4768	890.28
4769	887.34
4770	890.45
4771	889.05
4772	888.17
4773	887.77
4774	888.15
4775	887.66
4776	889.59
4777	888.64
4778	888.17
4779	888.66
4780	890.47
4781	889.95
4782	888.85
4783	888.81
4784	887.77
4785	890.88
4786	890.07
4787	889.72
4788	891.27
4789	889.56
4790	891.21
4791	891.15
4792	891.11
4793	889.84
4794	893.83
4795	892.06
4796	890.83
4797	889.58
4798	888.76
4799	889.29
4800	889.77
4801	888.38
4802	888.14
4803	889.2
4804	889.07
4805	888.06
4806	888.73
4807	887.16
4808	889.59
4809	888.36
4810	888.53
4811	888.24
4812	889.13
4813	887.75
4814	886.94
4815	886.3
4816	887.72
4817	886.63
4818	886.35
4819	887.73
4820	886.7
4821	886.19
4822	886.82
4823	886.31
4824	885.48
4825	885.6
4826	886.26
4827	885.63
4828	884.39
4829	884.24
4830	885.07
4831	885.88
4832	885.92
4833	885.18
4834	885.93
4835	885.31
4836	884.53
4837	884.77
4838	885.89
4839	884.7
4840	884.53
4841	884.87
4842	885.59
4843	883.42
4844	884.08
4845	883.76
4846	884.02
4847	883.77
4848	884.69
4849	885.22
4850	883.76
4851	883.57
4852	884.41
4853	884.74
4854	886.05
4855	884.21
4856	884.35
4857	885.81
4858	883.71
4859	884.85
4860	884.55
4861	882.94
4862	884.81
4863	884.04
4864	883.53
4865	885.61
4866	884.79
4867	883.89
4868	884.4
4869	884.4
4870	882.56
4871	882.55
4872	883.83
4873	884.61
4874	883.09
4875	885.19
4876	884.09
4877	885.09
4878	885.57
4879	884.2
4880	884.28
4881	884
4882	883.34
4883	884.99
4884	883.92
4885	885.25
4886	883.03
4887	883.26
4888	883.06
4889	883.39
4890	883.1
4891	882.84
4892	882.59
4893	882.83
4894	881.06
4895	880.81
4896	881.05
4897	881.41
4898	881.12
4899	881.25
4900	880.54
4901	880.66
4902	883.14
4903	883.2
4904	881.29
4905	880.62
4906	881.14
4907	881.84
4908	882.43
4909	883.15
4910	881.06
4911	881.45
4912	881.46
4913	882.79
4914	881.95
4915	880.95
4916	880.72
4917	880.81
4918	879.42
4919	879.84
4920	881.53
4921	882.97
4922	881.25
4923	879.7
4924	881.73
4925	881.36
4926	880.94
4927	880.26
4928	880.8
4929	880.61
4930	879.44
4931	880.17
4932	880.31
4933	879.37
4934	879.72
4935	879.57
4936	879.78
4937	878.75
4938	879.36
4939	880.72
4940	880.55
4941	880.7
4942	881.09
4943	879.73
4944	880.04
4945	880.37
4946	880.69
4947	880.88
4948	880.66
4949	879.85
4950	880.01
4951	879.37
4952	879.5
4953	879.35
4954	878.54
4955	878.02
4956	878.53
4957	879.93
4958	880.19
4959	878.9
4960	878.59
4961	879.54
4962	877.52
4963	879.04
4964	877.68
4965	878.1
4966	879.35
4967	877.12
4968	879.38
4969	878.6
4970	879.71
4971	879.89
4972	880.03
4973	879.89
4974	879.64
4975	878.88
4976	879.39
4977	879.85
4978	879.12
4979	878.16
4980	880.4
4981	877.98
4982	877.41
4983	878.67
4984	878.1
4985	878.74
4986	878.77
4987	879.11
4988	879.4
4989	878.07
4990	879.88
4991	880.24
4992	878.39
4993	879.71
4994	879.69
4995	879.03
4996	877.16
4997	877.68
4998	877.87
4999	877.6
5000	878.94
5001	877.91
5002	878.58
5003	879.39
5004	878.04
5005	878.95
5006	876.83
5007	877.58
5008	877.15
5009	877.3
5010	878.53
5011	878.4
5012	877.28
5013	877.77
5014	878.32
5015	878.79
5016	877.1
5017	878.18
5018	877.63
5019	878.7
5020	878.26
5021	878.13
5022	878.27
5023	878.06
5024	877.85
5025	877.32
5026	879.42
5027	878.5
5028	878.44
5029	877.78
5030	877.89
5031	879.51
5032	878.64
5033	878.5
5034	878.85
5035	878.91
5036	878.49
5037	878.86
5038	877.99
5039	879.99
5040	878.64
5041	878.41
5042	880.8
5043	879.95
5044	879.22
5045	880.35
5046	878.53
5047	879.62
5048	879.68
5049	878.48
5050	878.52
5051	879.13
5052	878.18
5053	880.07
5054	879.29
5055	877.98
5056	879.24
5057	877.55
5058	879.73
5059	877.69
5060	878.9
5061	879.26
5062	880.21
5063	878.81
5064	880.07
5065	879.42
5066	880.84
5067	878.43
5068	880.36
5069	880.26
5070	878.49
5071	878.39
5072	879.49
5073	878.92
5074	880.46
5075	879.87
5076	879.55
5077	880.25
5078	878.72
5079	879.06
5080	879.56
5081	879.7
5082	879.76
5083	878.91
5084	879.84
5085	879.42
5086	881.44
5087	880.3
5088	881.08
5089	881.64
5090	880.64
5091	879
5092	879.88
5093	880.84
5094	881.01
5095	881.6
5096	882.18
5097	881.89
5098	880.18
5099	880.33
5100	879.46
5101	880.53
5102	880.14
5103	879.23
5104	880
5105	880.34
5106	878.82
5107	880.84
5108	879.68
5109	880.68
5110	881.26
5111	880.6
5112	879.69
5113	881.57
5114	882.88
5115	880.78
5116	880.4
5117	881.09
5118	879.87
5119	879.2
5120	881.4
5121	880.19
5122	879.69
5123	881.46
5124	880.18
5125	880.64
5126	881.2
5127	881.91
5128	880.67
5129	880.19
5130	879.67
5131	879.83
5132	879.26
5133	879.69
5134	879.98
5135	880.61
5136	880.68
5137	881.25
5138	881.83
5139	879.35
5140	879.2
5141	881.75
5142	879.65
5143	880.3
5144	880.65
5145	880.55
5146	880.17
5147	881.54
5148	882.29
5149	881.78
5150	881.34
5151	880.47
5152	879.83
5153	880.99
5154	881.54
5155	880.85
5156	879.11
5157	880.98
5158	881.89
5159	879.66
5160	878.66
5161	880.56
5162	879.78
5163	879.58
5164	880.35
5165	880.73
5166	880.63
5167	879.75
5168	881.69
5169	881.69
5170	880.59
5171	880.49
5172	881.02
5173	881.1
5174	881.55
5175	880.07
5176	879.92
5177	879.68
5178	879.47
5179	880.01
5180	878.24
5181	879.25
5182	879.34
5183	880.16
5184	880.8
5185	878.91
5186	877.96
5187	879.71
5188	878.84
5189	879.27
5190	877.46
5191	877.51
5192	878.36
5193	877.48
5194	878.73
5195	878.33
5196	876.51
5197	876.52
5198	877.19
5199	877.66
5200	876.41
5201	877.61
5202	875.54
5203	874.44
5204	877.54
5205	877.09
5206	877.16
5207	874.93
5208	876.63
5209	876.98
5210	877.38
5211	877.32
5212	877.68
5213	876.15
5214	876.3
5215	877.91
5216	878.91
5217	879.69
5218	878.52
5219	878.42
5220	878.23
5221	879.04
5222	879.15
5223	879.8
5224	878.88
5225	879.3
5226	878.2
5227	879.26
5228	878.27
5229	879.09
5230	879.61
5231	879.19
5232	879.13
5233	878.3
5234	880.97
5235	880.13
5236	878.08
5237	878.32
5238	879.43
5239	878.86
5240	879.43
5241	877.99
5242	881.39
5243	879.49
5244	880.62
5245	879.96
5246	880.82
5247	880.72
5248	879.98
5249	879.95
5250	880.98
5251	879.51
5252	880.5
5253	879.81
5254	880.26
5255	881.42
5256	881.05
5257	880.27
5258	880.02
5259	880.9
5260	880.35
5261	880.66
5262	882.46
5263	880.27
5264	882.02
5265	881.79
5266	880.61
5267	880.25
5268	881.18
5269	881.27
5270	881.12
5271	881.47
5272	881.08
5273	880.58
5274	880.7
5275	880.96
5276	880.46
5277	881.13
5278	881.46
5279	880.57
5280	880.36
5281	881.08
5282	880.73
5283	881.24
5284	881.8
5285	880.44
5286	881.1
5287	880.15
5288	880.63
5289	879.91
5290	880.57
5291	879.33
5292	880.55
5293	881.98
5294	881.17
5295	881.58
5296	880.47
5297	882.19
5298	881.06
5299	881.8
5300	880.37
5301	881.69
5302	880.99
5303	881.11
5304	879.55
5305	879.16
5306	879.36
5307	881.36
5308	879.26
5309	880.25
5310	880.45
5311	881.04
5312	880.25
5313	880.06
5314	881.24
5315	880.7
5316	880.97
5317	881.85
5318	879.58
5319	879.57
5320	879.87
5321	881.02
5322	880.94
5323	881.8
5324	881.22
5325	880.33
5326	880.41
5327	880.53
5328	881.31
5329	879.88
5330	879.18
5331	880.83
5332	880.39
5333	879.45
5334	879.18
5335	880.23
5336	880.99
5337	880.59
5338	880.64
5339	879.81
5340	879.15
5341	880.9
5342	878.84
5343	878.58
5344	879.52
5345	879.74
5346	878.05
5347	879
5348	879.91
5349	877.77
5350	879.42
5351	878.32
5352	880.94
5353	877.69
5354	879.17
5355	878.07
5356	878.29
5357	878.49
5358	879.36
5359	879.94
5360	878.39
5361	878.08
5362	879.33
5363	877.7
5364	878.38
5365	877.3
5366	878.3
5367	878.66
5368	879.6
5369	880.2
5370	879.13
5371	878.98
5372	879.08
5373	879.52
5374	879.66
5375	878.76
5376	878.52
5377	879.58
5378	878.86
5379	878.15
5380	878.61
5381	878.62
5382	878.66
5383	879.42
5384	878.58
5385	877.44
5386	877.19
5387	878.68
5388	878.28
5389	877.26
5390	875.36
5391	876.32
5392	876.24
5393	876.18
5394	875.57
5395	876.39
5396	876.15
5397	876.89
5398	876.45
5399	875.2
5400	876.55
5401	875.11
5402	876.91
5403	875.41
5404	875.04
5405	875.36
5406	875.54
5407	875.9
5408	875.02
5409	874.3
5410	873.73
5411	875.33
5412	875.19
5413	874.95
5414	873.95
5415	873.66
5416	875.14
5417	873.45
5418	873.18
5419	873.75
5420	874.39
5421	874.46
5422	872.19
5423	874.55
5424	872.55
5425	873.41
5426	872.95
5427	873.37
5428	874.2
5429	873.4
5430	874.09
5431	872.5
5432	873.27
5433	872.72
5434	874.29
5435	874.05
5436	871.56
5437	874.46
5438	872.38
5439	874.6
5440	873.13
5441	873.61
5442	874.66
5443	874.53
5444	873.78
5445	873.79
5446	873.31
5447	872.6
5448	874.15
5449	872.8
5450	873.62
5451	872.97
5452	873.68
5453	872.84
5454	873.49
5455	872.88
5456	871.93
5457	872.49
5458	873.79
5459	873.98
5460	872.91
5461	872.6
5462	872.6
5463	872.4
5464	873.53
5465	873.36
5466	871.8
5467	872.57
5468	872.36
5469	872.38
5470	871.66
5471	871.83
5472	872.82
5473	871.46
5474	873.72
5475	871.63
5476	871.89
5477	873.36
5478	872.6
5479	873.66
5480	872.4
5481	874.24
5482	873.11
5483	872.97
5484	872.7
5485	872.37
5486	871.94
5487	872.77
5488	873.35
5489	873.18
5490	872.87
5491	874.39
5492	874.29
5493	872.51
5494	873.42
5495	873.86
5496	872.02
5497	872.7
5498	872.49
5499	872.55
5500	873.16
5501	871.87
5502	872.08
5503	871.96
5504	873.6
5505	871.31
5506	872.07
5507	873.17
5508	874.61
5509	870.87
5510	873.28
5511	871.32
5512	872.45
5513	872.33
5514	871.89
5515	870.53
5516	870.28
5517	873.11
5518	873.24
5519	873.09
5520	873.04
5521	873.5
5522	873.67
5523	873.26
5524	872.35
5525	873.53
5526	872.86
5527	872.03
5528	871.76
5529	872.86
5530	872.18
5531	874.23
5532	872.91
5533	873.1
5534	874.59
5535	873.52
5536	872.65
5537	872.57
5538	873.51
5539	872.98
5540	873.98
5541	873.77
5542	873.59
5543	873.79
5544	872.76
5545	872.81
5546	872.99
5547	872.58
5548	873.15
5549	872.98
5550	872.28
5551	872.73
5552	873.1
5553	873.35
5554	871.88
5555	871.74
5556	872.11
5557	872.72
5558	872.21
5559	871.51
5560	872.13
5561	872.91
5562	872.17
5563	872.64
5564	870.58
5565	873.05
5566	871.69
5567	871.89
5568	870.66
5569	871.45
5570	871.29
5571	872.08
5572	871.5
5573	871.78
5574	872.28
5575	871.68
5576	871.87
5577	871.7
5578	871.48
5579	870.76
5580	872.67
5581	872.09
5582	871.75
5583	871.22
5584	871.05
5585	869.43
5586	869.28
5587	869.7
5588	871.14
5589	871.17
5590	870.52
5591	870.73
5592	870.21
5593	870.01
5594	869.35
5595	871.41
5596	871.13
5597	871.68
5598	873.05
5599	870.7
5600	871.02
5601	869.33
5602	870.48
5603	872.84
5604	869.54
5605	871.62
5606	870.76
5607	871.29
5608	870
5609	870.22
5610	871.09
5611	872.02
5612	870.63
5613	870.53
5614	870.18
5615	870.18
5616	870.04
5617	870.56
5618	869.38
5619	869.84
5620	868.94
5621	870.09
5622	869.29
5623	870.57
5624	869.79
5625	868.74
5626	868.23
5627	868.26
5628	868.58
5629	867.44
5630	868.13
5631	868.28
5632	868.6
5633	869
5634	868.34
5635	869.49
5636	869.71
5637	869.2
5638	869.36
5639	868.35
5640	868.05
5641	868.31
5642	868.78
5643	869.28
5644	870.27
5645	869.69
5646	868.34
5647	869.42
5648	870.97
5649	870.05
5650	870.49
5651	871.88
5652	868.33
5653	869.59
5654	869.39
5655	869.48
5656	869.4
5657	869.37
5658	868.83
5659	869.6
5660	868.03
5661	869.5
5662	869.51
5663	869.21
5664	869.96
5665	869.63
5666	870.06
5667	869.41
5668	867.74
5669	869.62
5670	870.09
5671	869.69
5672	868.74
5673	869.23
5674	869.61
5675	869.76
5676	870.09
5677	870.27
5678	869.88
5679	870.48
5680	870.97
5681	868.86
5682	869.22
5683	868
5684	869.35
5685	869.37
5686	869.34
5687	869.98
5688	869.22
5689	869.74
5690	869.55
5691	871.11
5692	869.06
5693	870.52
5694	869.15
5695	870.51
5696	871.25
5697	869.99
5698	869.26
5699	869.48
5700	870.71
5701	869.96
5702	870.26
5703	868.7
5704	870.32
5705	869.5
5706	869.42
5707	869.15
5708	869.09
5709	868.58
5710	869.6
5711	869.38
5712	869.33
5713	869.8
5714	869.41
5715	870.21
5716	869.29
5717	869.92
5718	870.62
5719	868.7
5720	869.95
5721	868.96
5722	869.69
5723	869.92
5724	868.34
5725	869.11
5726	869.21
5727	869.4
5728	869.59
5729	867.92
5730	868.44
5731	869.96
5732	870.61
5733	868.31
5734	870.04
5735	867.6
5736	869.38
5737	868.53
5738	869.96
5739	869.13
5740	869.95
5741	869.12
5742	869.37
5743	870.14
5744	869.36
5745	870.75
5746	868.52
5747	868.51
5748	868.79
5749	870.84
5750	869.94
5751	868.71
5752	868.64
5753	869.9
5754	868.03
5755	868.52
5756	869.33
5757	869.15
5758	868.23
5759	868.03
5760	869.05
5761	869.81
5762	869.67
5763	868.57
5764	869.3
5765	869.05
5766	869.16
5767	869.53
5768	869.21
5769	870.54
5770	869.15
5771	869.62
5772	869.6
5773	869.6
5774	870.21
5775	867.74
5776	867.9
5777	869.06
5778	868.13
5779	867.17
5780	869.71
5781	869.19
5782	868.6
5783	868.39
5784	870.02
5785	868.9
5786	869.2
5787	868.81
5788	868.91
5789	868.73
5790	867.61
5791	868.35
5792	868.54
5793	868.18
5794	868.92
5795	868.74
5796	868.36
5797	868.36
5798	867.5
5799	869.36
5800	868.42
5801	868.82
5802	869.86
5803	868.66
5804	868.07
5805	869.17
5806	868.93
5807	869.47
5808	869.17
5809	869.21
5810	869
5811	868.53
5812	868
5813	868.76
5814	867.28
5815	868.01
5816	868.34
5817	868.34
5818	868.07
5819	866.79
5820	867.38
5821	867.15
5822	866.89
5823	866.28
5824	868.28
5825	866.96
5826	867.12
5827	869.23
5828	867.72
5829	867.55
5830	866.88
5831	867.95
5832	867.83
5833	868.57
5834	868.37
5835	868.17
5836	869.54
5837	868.01
5838	867.94
5839	867.25
5840	868.56
5841	868.25
5842	867.99
5843	866.54
5844	867.54
5845	867.09
5846	867.28
5847	867.45
5848	868.72
5849	866.73
5850	868.51
5851	868.24
5852	868.48
5853	868.46
5854	866.39
5855	867.01
5856	867.31
5857	867.31
5858	868.17
5859	866.7
5860	867.68
5861	867.85
5862	868.08
5863	868.51
5864	867.95
5865	868.37
5866	867.44
5867	867.01
5868	867.02
5869	867.12
5870	865.77
5871	867.41
5872	867.28
5873	866.59
5874	867.91
5875	868.89
5876	867.59
5877	867.04
5878	865.99
5879	866.23
5880	866.9
5881	866.98
5882	866.4
5883	866.33
5884	866.44
5885	868.02
5886	866.43
5887	866.96
5888	867.21
5889	867.59
5890	866.81
5891	868.76
5892	867.39
5893	867.67
5894	870.5
5895	866.49
5896	868.02
5897	867.67
5898	868.39
5899	866.66
5900	866.47
5901	868.18
5902	866.25
5903	865.82
5904	864.8
5905	866.03
5906	866.07
5907	865.79
5908	865.34
5909	865.17
5910	867.28
5911	866.44
5912	866.36
5913	866.36
5914	865.39
5915	865.97
5916	866.19
5917	866.17
5918	866.73
5919	866.76
5920	867.23
5921	866.6
5922	865.18
5923	864.92
5924	864.11
5925	864.49
5926	865.33
5927	865.06
5928	866.54
5929	866.96
5930	866.06
5931	866.6
5932	865.14
5933	865.61
5934	865.41
5935	866.98
5936	866.22
5937	865.68
5938	867.21
5939	867.5
5940	867.05
5941	867.07
5942	865.92
5943	865.37
5944	865.96
5945	865.5
5946	867.38
5947	867.6
5948	866.44
5949	866.89
5950	865.19
5951	864.57
5952	865.29
5953	866.77
5954	864.31
5955	866.15
5956	865.02
5957	866.46
5958	866.41
5959	865.31
5960	865.9
5961	864.69
5962	865.91
5963	865.24
5964	866.14
5965	865.39
5966	864.68
5967	864.23
5968	864.41
5969	863.9
5970	865.1
5971	865.27
5972	865.09
5973	863.8
5974	865.76
5975	864.03
5976	865.05
5977	865.71
5978	866.39
5979	864.79
5980	865.7
5981	864.8
5982	866.26
5983	865.22
5984	865.49
5985	866.08
5986	865.85
5987	865.74
5988	865.12
5989	864.21
5990	864.77
5991	864.07
5992	864.27
5993	864.02
5994	866.38
5995	865.38
5996	866.41
5997	864.97
5998	867.03
5999	864.52
6000	864.76
6001	865.42
6002	865.14
6003	864.8
6004	864.36
6005	865.26
6006	865.31
6007	864.96
6008	863.25
6009	864.42
6010	864.65
6011	865.84
6012	864.54
6013	864.92
6014	864.79
6015	863.81
6016	864.13
6017	865.1
6018	864.67
6019	863.04
6020	863.58
6021	863.06
6022	863.74
6023	863.92
6024	865.56
6025	864.7
6026	864.39
6027	863.03
6028	864.93
6029	863.93
6030	863.7
6031	864.46
6032	862.95
6033	861.91
6034	865.37
6035	862.61
6036	863.83
6037	864.89
6038	862.92
6039	862.81
6040	862.72
6041	864.57
6042	861.91
6043	862.92
6044	863.18
6045	861.9
6046	861.78
6047	862.27
6048	861.44
6049	863.52
6050	863.2
6051	862.06
6052	863.67
6053	861.74
6054	860.76
6055	862.7
6056	860.75
6057	861.1
6058	862.32
6059	862.49
6060	861.12
6061	862.51
6062	862.71
6063	861.58
6064	862.33
6065	861.86
6066	861.85
6067	862.5
6068	861.48
6069	861.02
6070	860.49
6071	862.37
6072	861.31
6073	860.92
6074	862.42
6075	862.94
6076	861.78
6077	862.72
6078	862.1
6079	860.93
6080	861.83
6081	861.26
6082	860.23
6083	861.99
6084	861.24
6085	863.56
6086	861.2
6087	859.8
6088	860.21
6089	860.46
6090	859.8
6091	859.28
6092	860.1
6093	860.09
6094	859.42
6095	861.25
6096	859.63
6097	860.38
6098	859.99
6099	862.04
6100	859.56
6101	859.33
6102	859.61
6103	859.69
6104	859.5
6105	858.92
6106	858.4
6107	857.47
6108	858.84
6109	858.32
6110	859.69
6111	858.6
6112	859.42
6113	859
6114	858.32
6115	859.34
6116	858.61
6117	859.04
6118	857.83
6119	858.66
6120	857.74
6121	858.1
6122	858.44
6123	858.33
6124	858.15
6125	858.62
6126	858.79
6127	858.45
6128	858.43
6129	858.11
6130	858.26
6131	857.48
6132	857.01
6133	859.25
6134	859.88
6135	859.28
6136	858.32
6137	858.67
6138	857.29
6139	858.79
6140	858.21
6141	858.31
6142	857.84
6143	858.17
6144	857.8
6145	859.12
6146	860.19
6147	858.86
6148	859.27
6149	858.26
6150	857.62
6151	859.4
6152	858.06
6153	858.93
6154	859.13
6155	857.48
6156	857.69
6157	858.91
6158	856.6
6159	857.3
6160	858.35
6161	857.51
6162	857.03
6163	856.91
6164	857.36
6165	857.33
6166	857.99
6167	858.87
6168	858.7
6169	858.36
6170	859.18
6171	858.31
6172	859.72
6173	859.07
6174	858.63
6175	858.6
6176	858.83
6177	859.46
6178	858.5
6179	857.96
6180	859.5
6181	860.35
6182	859.78
6183	860.61
6184	859.75
6185	859.32
6186	859.61
6187	859.55
6188	858.51
6189	859.11
6190	859.69
6191	858.89
6192	860.4
6193	859.02
6194	859.15
6195	859.17
6196	860.53
6197	859.31
6198	858.03
6199	859.05
6200	859.78
6201	859.06
6202	858.72
6203	858.38
6204	859.48
6205	859.87
6206	859.57
6207	859.36
6208	860.01
6209	859.6
6210	860.38
6211	860.05
6212	859.85
6213	860.29
6214	859.76
6215	859.6
6216	858.64
6217	858.79
6218	857.74
6219	859.63
6220	858.36
6221	861.6
6222	860.36
6223	859.41
6224	857.87
6225	859.07
6226	859.35
6227	860.61
6228	858.6
6229	859.47
6230	859.36
6231	859.73
6232	858.85
6233	859.24
6234	859.12
6235	859.78
6236	860.38
6237	860.22
6238	859.97
6239	858.75
6240	858.74
6241	858.77
6242	858.74
6243	858.63
6244	857.63
6245	858.12
6246	857.76
6247	855.69
6248	858.49
6249	856.86
6250	858.74
6251	856.76
6252	856.26
6253	856.63
6254	856.75
6255	855.1
6256	858.05
6257	856.31
6258	856.88
6259	856.1
6260	856.21
6261	856.82
6262	855.66
6263	856.08
6264	855.34
6265	856.04
6266	856.52
6267	855.41
6268	855.82
6269	855.17
6270	856
6271	856.68
6272	855.64
6273	855.91
6274	856.23
6275	856.66
6276	856.57
6277	857.13
6278	855.67
6279	855.48
6280	855.83
6281	856.58
6282	854.53
6283	855.26
6284	855.18
6285	855.15
6286	854.2
6287	855.36
6288	854.98
6289	855.94
6290	855.54
6291	855.99
6292	856.06
6293	855.52
6294	856.44
6295	858.12
6296	855.27
6297	856.55
6298	855.75
6299	856.28
6300	856.53
6301	856.45
6302	855.43
6303	857.4
6304	857.06
6305	856.84
6306	855.6
6307	856.52
6308	856.95
6309	856.32
6310	855.5
6311	855.93
6312	855.76
6313	855.73
6314	855.36
6315	856.16
6316	856.23
6317	855.44
6318	857.26
6319	855.6
6320	856.2
6321	855.65
6322	856.33
6323	856.47
6324	856.79
6325	857.12
6326	855.3
6327	855.14
6328	853.89
6329	855.81
6330	854.5
6331	853.36
6332	855
6333	855.1
6334	854.95
6335	853.72
6336	855.26
6337	854.98
6338	855.63
6339	854.7
6340	855.06
6341	854.62
6342	856.45
6343	854.43
6344	853.98
6345	853.8
6346	854.26
6347	852.7
6348	855.11
6349	854.24
6350	852.86
6351	853.44
6352	852.5
6353	853.22
6354	852.43
6355	853.8
6356	852.71
6357	851.99
6358	852.27
6359	851.64
6360	852.68
6361	852.39
6362	853.42
6363	852.54
6364	851.99
6365	853.2
6366	850.53
6367	850.6
6368	851.41
6369	850.5
6370	851.93
6371	852.32
6372	852.02
6373	851.31
6374	851.17
6375	851.95
6376	851.56
6377	851.64
6378	851.14
6379	852.16
6380	851.9
6381	850.36
6382	851.27
6383	850.17
6384	850.17
6385	849.52
6386	848.51
6387	850.3
6388	849.6
6389	848.36
6390	851.11
6391	849.93
6392	849.29
6393	848.8
6394	849.58
6395	850.27
6396	849.73
6397	850.05
6398	849.07
6399	850.33
6400	849.23
6401	850.25
6402	849.03
6403	851.09
6404	851.68
6405	850.69
6406	850.6
6407	848.89
6408	850.85
6409	850.27
6410	850.86
6411	850.21
6412	849.44
6413	850.32
6414	849.95
6415	849.76
6416	848.93
6417	850.35
6418	850
6419	848.68
6420	851.97
6421	850.73
6422	848.74
6423	848.88
6424	849.54
6425	849.29
6426	849.43
6427	849.6
6428	848.06
6429	849.91
6430	848.77
6431	848.36
6432	849.11
6433	848.27
6434	849.2
6435	848.59
6436	848.27
6437	849.55
6438	847.34
6439	848.03
6440	847.92
6441	849.08
6442	848.59
6443	847.72
6444	848.83
6445	847.96
6446	847.83
6447	847.85
6448	848.07
6449	847.34
6450	847.57
6451	848.07
6452	847.83
6453	847.92
6454	848.48
6455	849.59
6456	849.2
6457	849.15
6458	850.73
6459	851.08
6460	848.58
6461	849.16
6462	850.46
6463	848.82
6464	850.55
6465	848.84
6466	849.63
6467	850.95
6468	850.61
6469	849.84
6470	849.31
6471	849.62
6472	849.53
6473	848.9
6474	850.22
6475	849.83
6476	850.77
6477	851.56
6478	851.01
6479	851.09
6480	850.12
6481	850.8
6482	850.45
6483	850.99
6484	852.56
6485	851.92
6486	850.71
6487	851.37
6488	851.86
6489	851.4
6490	851.16
6491	852.54
6492	851.4
6493	850.6
6494	852.27
6495	852.27
6496	850.39
6497	851.65
6498	852.69
6499	852.42
6500	851.24
6501	851.45
6502	851.75
6503	853
6504	853.2
6505	851.04
6506	851.37
6507	851.47
6508	851.2
6509	850.93
6510	852.4
6511	851.45
6512	851.88
6513	852.77
6514	852.08
6515	852.42
6516	851.16
6517	851.74
6518	850.45
6519	852
6520	851.47
6521	850.32
6522	851
6523	850.62
6524	852.21
6525	851.34
6526	851.16
6527	850.4
6528	851.27
6529	849.27
6530	850.13
6531	849.46
6532	850.18
6533	849.39
6534	849.64
6535	850.14
6536	850.74
6537	850.9
6538	849.59
6539	849.64
6540	851.74
6541	850.83
6542	850.19
6543	851.32
6544	851.22
6545	851.02
6546	850.85
6547	850.21
6548	849.79
6549	850.54
6550	851.58
6551	849.75
6552	850.42
6553	850.45
6554	850.35
6555	851.29
6556	850.39
6557	850.66
6558	851.64
6559	850.34
6560	849.42
6561	849.88
6562	849.88
6563	849.39
6564	850.1
6565	851.99
6566	849.51
6567	849.32
6568	849.16
6569	851.06
6570	848.83
6571	850.56
6572	849.5
6573	849.14
6574	849.84
6575	849.22
6576	850.26
6577	849.89
6578	849.94
6579	850.01
6580	849.34
6581	850.43
6582	849.52
6583	850.14
6584	850.54
6585	849.88
6586	849.33
6587	850.09
6588	849.95
6589	848.94
6590	850.28
6591	849.31
6592	849.47
6593	848.99
6594	849.04
6595	849.97
6596	850.9
6597	850.48
6598	849.23
6599	851.87
6600	850.02
6601	849.69
6602	850.59
6603	851.18
6604	849.34
6605	850.01
6606	849.32
6607	850.12
6608	849.94
6609	850.19
6610	850.82
6611	849.64
6612	850.3
6613	851.61
6614	849.94
6615	850.27
6616	850.15
6617	850.7
6618	849.57
6619	850.51
6620	850.38
6621	851.33
6622	852.72
6623	851.75
6624	850.64
6625	851.48
6626	850.68
6627	851.3
6628	850.8
6629	851.6
6630	850.24
6631	850.81
6632	849.8
6633	852.13
6634	851.31
6635	850.4
6636	851.91
6637	851.33
6638	851.7
6639	849.58
6640	850.98
6641	850.49
6642	851.1
6643	850.23
6644	852.24
6645	852.35
6646	850.69
6647	849.77
6648	851.14
6649	850.84
6650	852.32
6651	850.35
6652	850.71
6653	850.36
6654	850.84
6655	849.73
6656	849.63
6657	849.03
6658	849.23
6659	850.7
6660	851.21
6661	848.93
6662	849.23
6663	849.37
6664	849.77
6665	849.2
6666	849.31
6667	848.87
6668	849.28
6669	849.36
6670	849.1
6671	850.5
6672	849.32
6673	850.57
6674	850.03
6675	848.87
6676	848.56
6677	849.15
6678	848.55
6679	848.37
6680	848.5
6681	848.59
6682	848.96
6683	848.51
6684	847.55
6685	848.18
6686	848.33
6687	848.54
6688	846.86
6689	845.72
6690	846.87
6691	845.64
6692	846.58
6693	845.98
6694	846.01
6695	846.34
6696	844.28
6697	846.26
6698	845.51
6699	846.55
6700	847.01
6701	846.28
6702	846.89
6703	845.86
6704	846.61
6705	845.61
6706	846.41
6707	846.21
6708	844.86
6709	843.99
6710	845.03
6711	845.77
6712	843.92
6713	844.03
6714	845.01
6715	845.93
6716	845.17
6717	844.56
6718	845.84
6719	844.99
6720	845.29
6721	843.99
6722	843.18
6723	845.09
6724	843.82
6725	844.55
6726	843.41
6727	843.96
6728	843.87
6729	845.16
6730	843.78
6731	846.23
6732	844.2
6733	844.7
6734	844.24
6735	843.69
6736	845.28
6737	844.22
6738	844.05
6739	844.53
6740	844.03
6741	844.5
6742	844.98
6743	845.15
6744	845.51
6745	844.65
6746	845.3
6747	845.26
6748	844.86
6749	844.31
6750	846.01
6751	845.79
6752	847.49
6753	845.81
6754	845.59
6755	846.84
6756	846.75
6757	848.2
6758	848.13
6759	846.56
6760	846.93
6761	847.93
6762	847.38
6763	845.89
6764	848.39
6765	846.94
6766	847.17
6767	845.34
6768	846.39
6769	847.23
6770	845.35
6771	845.52
6772	845.26
6773	845.74
6774	846.71
6775	847.1
6776	845.73
6777	845.7
6778	846.51
6779	846.71
6780	846.68
6781	847.6
6782	846.72
6783	846.37
6784	846.05
6785	846.94
6786	845.61
6787	845.77
6788	846.05
6789	846.34
6790	846.04
6791	846.65
6792	846.62
6793	846.11
6794	845.95
6795	846.79
6796	845.59
6797	846.69
6798	845.39
6799	845.85
6800	843.66
6801	844.63
6802	844.24
6803	844.98
6804	845.63
6805	845.37
6806	844.94
6807	844.79
6808	844.21
6809	844.02
6810	844.4
6811	844.73
6812	843.58
6813	843.41
6814	842.64
6815	843.66
6816	843.45
6817	843.42
6818	844.16
6819	843.51
6820	843.9
6821	843.46
6822	842.84
6823	842.32
6824	842.38
6825	843.24
6826	843.4
6827	842.41
6828	843.19
6829	842.75
6830	842.79
6831	843.84
6832	842.37
6833	843.42
6834	841.85
6835	842.24
6836	842.4
6837	841.75
6838	842.33
6839	842.92
6840	841.66
6841	841.89
6842	842.53
6843	842.08
6844	843
6845	842.85
6846	842.17
6847	843.23
6848	842.36
6849	842.33
6850	840.78
6851	841.26
6852	842.62
6853	841.67
6854	841.34
6855	841.14
6856	841.36
6857	842.15
6858	842.37
6859	841.13
6860	840.41
6861	841.59
6862	841.21
6863	841.61
6864	840.32
6865	841.36
6866	841.65
6867	840.84
6868	840.74
6869	840.35
6870	841.3
6871	841.44
6872	841.36
6873	840.96
6874	840.32
6875	840.7
6876	840.87
6877	842.4
6878	841.82
6879	840.51
6880	841.16
6881	839.55
6882	840.79
6883	840.02
6884	841.31
6885	841.35
6886	843.17
6887	841.24
6888	840.57
6889	840.31
6890	840.41
6891	841.7
6892	840.73
6893	840.87
6894	840.02
6895	841.2
6896	842.3
6897	840.79
6898	841.16
6899	841.79
6900	841.01
6901	840.6
6902	840.62
6903	841.97
6904	840.97
6905	841.99
6906	841
6907	840.16
6908	841.2
6909	840.2
6910	839.12
6911	840.71
6912	840.38
6913	839.62
6914	839.63
6915	839.71
6916	839.78
6917	841.28
6918	840.72
6919	839.65
6920	841.46
6921	841.09
6922	840.09
6923	838.99
6924	841
6925	840.2
6926	840.66
6927	840.06
6928	840.04
6929	841.32
6930	842.67
6931	841.6
6932	841.69
6933	841.1
6934	840.99
6935	841.22
6936	841.8
6937	842.37
6938	840.8
6939	840.9
6940	841.59
6941	841.65
6942	840.58
6943	841.03
6944	840.67
6945	841.58
6946	841.64
6947	840.5
6948	841.01
6949	840.33
6950	841.03
6951	841.29
6952	840.59
6953	841.14
6954	840.01
6955	840.85
6956	841.81
6957	841.01
6958	841.29
6959	840.07
6960	841.48
6961	840.65
6962	841.15
6963	842.74
6964	841.49
6965	839.89
6966	840.99
6967	840.57
6968	842.69
6969	840.18
6970	840.67
6971	841.12
6972	840.23
6973	841.25
6974	840.17
6975	838.93
6976	842
6977	840.59
6978	841.83
6979	840.74
6980	839.73
6981	840.22
6982	839.3
6983	839.76
6984	839.47
6985	838.38
6986	839.03
6987	838.58
6988	839.49
6989	839.68
6990	839.63
6991	841.01
6992	840.24
6993	840.12
6994	840.32
6995	840.91
6996	840.53
6997	840.89
6998	839.84
6999	839.95
7000	839.5
7001	839.63
7002	840.37
7003	839.95
7004	839.82
7005	839.43
7006	841.63
7007	839.41
7008	839.88
7009	838.57
7010	839.4
7011	840.47
7012	840.91
7013	839.88
7014	840.09
7015	839.43
7016	837.96
7017	838.86
7018	838.55
7019	838.37
7020	839.15
7021	839.09
7022	839.2
7023	837.3
7024	840.63
7025	839.06
7026	838.74
7027	838.52
7028	839.25
7029	837.91
7030	838.46
7031	838.85
7032	838.37
7033	838
7034	838.1
7035	836.8
7036	837.27
7037	836
7038	836.37
7039	837.24
7040	837.87
7041	837.28
7042	837.13
7043	838.11
7044	835.95
7045	837.01
7046	839.06
7047	837.61
7048	837.83
7049	836.3
7050	836.84
7051	836.63
7052	836.34
7053	835.6
7054	835.83
7055	835.76
7056	836.18
7057	836.08
7058	836.26
7059	835.08
7060	836.31
7061	836.67
7062	836.24
7063	836.99
7064	837.6
7065	835.9
7066	835.95
7067	834.73
7068	835.95
7069	836.12
7070	836.14
7071	835.27
7072	834.76
7073	834.3
7074	836.66
7075	832.89
7076	834.37
7077	835.25
7078	834.38
7079	833.82
7080	834.75
7081	836.09
7082	834.33
7083	834.69
7084	835.73
7085	832.67
7086	833.94
7087	834.79
7088	833.78
7089	833.61
7090	833.55
7091	832.73
7092	832.86
7093	832.7
7094	833.59
7095	833.25
7096	833.18
7097	833.81
7098	833.73
7099	833.21
7100	833.86
7101	835.15
7102	832.88
7103	833.18
7104	834.02
7105	833.29
7106	834.18
7107	833.19
7108	833.74
7109	834.23
7110	832.41
7111	832.64
7112	831.28
7113	833.55
7114	831.49
7115	832.39
7116	832.46
7117	831.76
7118	832.56
7119	832.27
7120	830.62
7121	833.25
7122	832.21
7123	832.24
7124	832.89
7125	831.42
7126	832.61
7127	832.44
7128	832.54
7129	832.77
7130	831.54
7131	831.93
7132	832.14
7133	832.28
7134	834.06
7135	833.6
7136	832.96
7137	831.91
7138	832.79
7139	831.59
7140	832.02
7141	832.54
7142	831.66
7143	833.29
7144	831.07
7145	832.89
7146	832.47
7147	831.16
7148	831.99
7149	831.44
7150	831.62
7151	832.3
7152	832.36
7153	831.61
7154	831.89
7155	830.82
7156	833.28
7157	831.94
7158	832.32
7159	832.03
7160	833.24
7161	832.03
7162	832.68
7163	832.11
7164	833.56
7165	832.84
7166	833.07
7167	832.17
7168	832.27
7169	832.43
7170	831.35
7171	833.18
7172	833.52
7173	833.24
7174	833.67
7175	833.31
7176	832.28
7177	833.72
7178	832.11
7179	832.26
7180	832.47
7181	832.74
7182	833.7
7183	832.81
7184	832.52
7185	832.43
7186	831.95
7187	833.67
7188	834.23
7189	832.62
7190	833.88
7191	834.12
7192	833.66
7193	833
7194	833.47
7195	833.78
7196	833.49
7197	834.93
7198	833.03
7199	833.97
7200	833.3
7201	834.04
7202	831.77
7203	832.04
7204	832.9
7205	832.97
7206	833.61
7207	833.91
7208	832.69
7209	832.2
7210	832.78
7211	832.84
7212	833.5
7213	831.68
7214	833.32
7215	832.26
7216	832.55
7217	831.8
7218	833.34
7219	831.92
7220	832.57
7221	832.87
7222	831.34
7223	832.56
7224	832.46
7225	831.35
7226	832.77
7227	832.59
7228	832.7
7229	831.52
7230	832.52
7231	832.44
7232	832.75
7233	830.99
7234	831.07
7235	831.57
7236	833.45
7237	830.35
7238	831.18
7239	830.22
7240	831.04
7241	833.45
7242	830.21
7243	830.4
7244	830.26
7245	830.36
7246	831.11
7247	830.14
7248	831.22
7249	829.73
7250	829.67
7251	831.38
7252	829.9
7253	830.11
7254	830
7255	830.65
7256	831.13
7257	831.06
7258	830.48
7259	829.33
7260	828.9
7261	828.72
7262	829.42
7263	828.48
7264	828.6
7265	830.73
7266	829.63
7267	830.48
7268	831.84
7269	829.8
7270	830.93
7271	831.37
7272	829.86
7273	830.3
7274	829.82
7275	830
7276	829.74
7277	830.1
7278	830.47
7279	830.32
7280	829.86
7281	828.81
7282	828.8
7283	827.24
7284	829.47
7285	829.1
7286	828.33
7287	828.34
7288	828.73
7289	828.37
7290	828.34
7291	826.82
7292	826.66
7293	828.44
7294	826.73
7295	826.75
7296	827.11
7297	827.66
7298	826.82
7299	827.84
7300	827.24
7301	827.66
7302	827.31
7303	827.3
7304	829.23
7305	827.86
7306	829.08
7307	827.13
7308	828.39
7309	827.3
7310	827.16
7311	827.31
7312	826.77
7313	827.49
7314	827.48
7315	827.73
7316	827.83
7317	827.43
7318	827.55
7319	828.47
7320	827.9
7321	827.51
7322	828.5
7323	827.41
7324	828.73
7325	828.47
7326	829.73
7327	828.64
7328	828
7329	828.45
7330	829.13
7331	829.75
7332	830.44
7333	829.31
7334	829.81
7335	828.14
7336	830.73
7337	829.73
7338	830.16
7339	829.88
7340	830.03
7341	830.48
7342	830.38
7343	831.87
7344	829.49
7345	830.56
7346	830.4
7347	829.46
7348	829.55
7349	830.65
7350	830.53
7351	830.54
7352	831.03
7353	829.58
7354	830.5
7355	830.82
7356	830.54
7357	830.15
7358	829.51
7359	830.83
7360	829.84
7361	830.01
7362	829.99
7363	832.48
7364	830.99
7365	831.3
7366	829.23
7367	829.36
7368	830.74
7369	830.79
7370	830.32
7371	829.9
7372	831.06
7373	831.01
7374	831.23
7375	830.33
7376	829.1
7377	831.5
7378	832.48
7379	829.75
7380	829.77
7381	832.21
7382	830.34
7383	830.8
7384	830.35
7385	831.12
7386	829.17
7387	829.19
7388	830.87
7389	830.27
7390	830.84
7391	831.09
7392	829.91
7393	831.3
7394	829.59
7395	830.28
7396	830.74
7397	830.8
7398	830.33
7399	829.92
7400	830.09
7401	830.81
7402	830.35
7403	829.7
7404	830.51
7405	830.17
7406	831.27
7407	831.57
7408	830.41
7409	831.07
7410	830.89
7411	831.07
7412	831.81
7413	830.96
7414	830.65
7415	829.59
7416	831.85
7417	831.39
7418	831.15
7419	831.35
7420	831.9
7421	831.79
7422	832.2
7423	830.54
7424	830.9
7425	832.06
7426	831.57
7427	830.54
7428	830.85
7429	832
7430	830.63
7431	831.5
7432	831.01
7433	831.02
7434	830.01
7435	830.5
7436	831.61
7437	830.89
7438	832.03
7439	829.66
7440	830.93
7441	830.27
7442	831.28
7443	830.14
7444	830.58
7445	829.81
7446	829.79
7447	829.18
7448	829.7
7449	829.02
7450	829.6
7451	829.95
7452	829.71
7453	828.69
7454	828.65
7455	830.17
7456	829.02
7457	828.62
7458	827.8
7459	830.52
7460	830.64
7461	830.79
7462	828.64
7463	828.45
7464	830.54
7465	829.77
7466	830.69
7467	830.57
7468	829.72
7469	830.03
7470	829.93
7471	828.36
7472	829.39
7473	828.8
7474	829.25
7475	828.72
7476	830.39
7477	828.2
7478	828.84
7479	829.35
7480	829.26
7481	829.29
7482	829.26
7483	829.45
7484	830.25
7485	829.1
7486	828.66
7487	828.75
7488	828.57
7489	828.2
7490	828.76
7491	828.07
7492	827.99
7493	828.87
7494	829.74
7495	828.24
7496	829.21
7497	826.18
7498	827.46
7499	827.46
7500	826.27
7501	827.18
7502	828.32
7503	827.49
7504	828.51
7505	827.76
7506	829.23
7507	827.36
7508	829.34
7509	829.29
7510	829.6
7511	829.8
7512	829.91
7513	828.7
7514	828.25
7515	829.61
7516	827.87
7517	828.04
7518	828.76
7519	828.45
7520	829.19
7521	827.46
7522	828.53
7523	826.77
7524	829.93
7525	827.74
7526	826.8
7527	828.32
7528	826.04
7529	827.57
7530	827.19
7531	828.01
7532	828.16
7533	827.82
7534	826.55
7535	826.99
7536	826.34
7537	827.03
7538	826.58
7539	826.64
7540	827.11
7541	828.12
7542	827.58
7543	825.96
7544	827.62
7545	827.69
7546	826.83
7547	827.04
7548	827.9
7549	826.34
7550	826.57
7551	826.63
7552	827.17
7553	827.22
7554	828.49
7555	827.81
7556	826.58
7557	828.57
7558	827.53
7559	827.38
7560	827.36
7561	828.51
7562	827.01
7563	827.84
7564	827.67
7565	827.82
7566	828.97
7567	828.25
7568	827.68
7569	828.17
7570	827.35
7571	827.89
7572	828.73
7573	829.66
7574	828.51
7575	828.49
7576	828.24
7577	828.76
7578	828.65
7579	829.65
7580	828.67
7581	828.84
7582	828.13
7583	829.15
7584	827.84
7585	827.04
7586	828.41
7587	828.12
7588	828.74
7589	828.49
7590	827.87
7591	829.08
7592	828.65
7593	826.94
7594	828.4
7595	826.88
7596	828.31
7597	827.59
7598	827.63
7599	827.61
7600	829.27
7601	827.81
7602	828.79
7603	827.8
7604	827.16
7605	827.2
7606	827.83
7607	827.12
7608	828.4
7609	826.53
7610	829.25
7611	827.49
7612	828.36
7613	828.67
7614	828.53
7615	829.24
7616	827.98
7617	829.68
7618	828.66
7619	827.59
7620	828.74
7621	829.23
7622	828.12
7623	829.13
7624	828.26
7625	827.84
7626	826.83
7627	827.51
7628	828.47
7629	828.08
7630	827.3
7631	828.64
7632	827.21
7633	827.02
7634	826.55
7635	827.25
7636	827.72
7637	828.22
7638	826.71
7639	827.66
7640	827.3
7641	826.88
7642	826.54
7643	826.62
7644	826.24
7645	825.24
7646	825.51
7647	826.62
7648	827.3
7649	825.79
7650	826.95
7651	826.29
7652	826.38
7653	825.19
7654	827.13
7655	827.3
7656	827.72
7657	827.18
7658	827.46
7659	825.89
7660	827.75
7661	827.61
7662	826.41
7663	826.94
7664	827.05
7665	825.61
7666	825.1
7667	825.49
7668	825.37
7669	827.96
7670	826.91
7671	825.32
7672	827.89
7673	827.17
7674	826.55
7675	828.07
7676	826.24
7677	827.52
7678	826.92
7679	827.41
7680	825.77
7681	825.72
7682	825.52
7683	824.84
7684	825.58
7685	825.52
7686	826.28
7687	826.47
7688	827.35
7689	825.7
7690	827.36
7691	825.63
7692	826.43
7693	825.89
7694	825.51
7695	826.13
7696	825.72
7697	826.78
7698	826.51
7699	826.12
7700	826.69
7701	826.33
7702	827.41
7703	826.05
7704	826.79
7705	826.57
7706	826.28
7707	826.44
7708	827.61
7709	826.91
7710	827.41
7711	829.49
7712	826.03
7713	828.44
7714	827.63
7715	828.55
7716	828.52
7717	827.07
7718	827.5
7719	828.18
7720	828.31
7721	827.34
7722	827.27
7723	827.76
7724	827.67
7725	828.65
7726	826.71
7727	829.03
7728	827.59
7729	827.8
7730	826.5
7731	826.93
7732	828.67
7733	826.18
7734	826.87
7735	826.84
7736	827.79
7737	827.57
7738	826.22
7739	826.51
7740	826.84
7741	826.94
7742	827.74
7743	827.24
7744	827.33
7745	825.97
7746	827.87
7747	826.35
7748	826.42
7749	826.86
7750	827.06
7751	825.56
7752	825.97
7753	826.53
7754	826.79
7755	825.13
7756	826.41
7757	826.31
7758	825.98
7759	827.82
7760	825.68
7761	825.75
7762	826.43
7763	828.21
7764	825.68
7765	826.44
7766	826.86
7767	827.4
7768	827.37
7769	826.29
7770	825.22
7771	827.56
7772	825.15
7773	825.97
7774	825.94
7775	826.41
7776	826.72
7777	826.73
7778	827.47
7779	826.63
7780	827.05
7781	827.02
7782	826.81
7783	826
7784	825.06
7785	826.1
7786	826.41
7787	826.45
7788	825.89
7789	825.06
7790	827.75
7791	826.63
7792	826.48
7793	825.85
7794	825.79
7795	826.71
7796	826.6
7797	825.97
7798	826.45
7799	825.86
7800	828.3
7801	826.77
7802	826.58
7803	826.91
7804	826.05
7805	825.28
7806	827.64
7807	825.62
7808	825.96
7809	827.04
7810	825.8
7811	826.93
7812	825.35
7813	825.64
7814	826.99
7815	825.98
7816	826.27
7817	825.08
7818	826.07
7819	826.3
7820	826.93
7821	827.27
7822	827.3
7823	827.37
7824	827.58
7825	827.69
7826	826.47
7827	826.96
7828	827.32
7829	827.82
7830	826.25
7831	825.82
7832	826.71
7833	828.39
7834	826.91
7835	827.59
7836	825.95
7837	825.96
7838	827.25
7839	826.14
7840	827.29
7841	826.82
7842	828.13
7843	825.31
7844	825.73
7845	823.83
7846	826.07
7847	825.7
7848	826.16
7849	826.59
7850	825.97
7851	826.76
7852	827.56
7853	825.9
7854	826.63
7855	825.02
7856	825.41
7857	825.8
7858	825.93
7859	826.92
7860	826.24
7861	824.48
7862	826.69
7863	825.34
7864	824.68
7865	823.31
7866	824.68
7867	825.15
7868	824.91
7869	825.2
7870	823.29
7871	825.02
7872	825.05
7873	823.58
7874	825.01
7875	825.71
7876	825.9
7877	824.67
7878	824.54
7879	823.98
7880	823.4
7881	824.84
7882	824.81
7883	825.14
7884	824.24
7885	824.2
7886	823.77
7887	826.22
7888	823.71
7889	824.74
7890	824.25
7891	825.66
7892	825
7893	824.42
7894	825.9
7895	823.54
7896	824.64
7897	824.88
7898	824.84
7899	824.21
7900	824.43
7901	825.05
7902	823.42
7903	822.71
7904	824.77
7905	825.94
7906	825.46
7907	825.19
7908	825
7909	825.44
7910	824.57
7911	826.34
7912	824.96
7913	825.33
7914	825.22
7915	824.66
7916	825.28
7917	823.45
7918	826.23
7919	824.56
7920	824.21
7921	824.75
7922	825.25
7923	825.68
7924	825.49
7925	825.52
7926	825.29
7927	822.82
7928	825.05
7929	823.18
7930	824.06
7931	823.11
7932	822.89
7933	823.06
7934	823.46
7935	824.12
7936	823.45
7937	823.56
7938	823.15
7939	822.72
7940	822.3
7941	822.7
7942	824.36
7943	824.08
7944	823.93
7945	823.87
7946	821.65
7947	822.9
7948	822.98
7949	822.61
7950	821.48
7951	821.85
7952	822.41
7953	821.8
7954	821.51
7955	821.48
7956	821.58
7957	821.24
7958	822.59
7959	821.89
7960	821.03
7961	820.83
7962	820.57
7963	821.23
7964	820.06
7965	821.78
7966	821.27
7967	821.75
7968	820.45
7969	820.73
7970	820.35
7971	820.97
7972	820.12
7973	821.39
7974	820.04
7975	820.18
7976	819.51
7977	819.88
7978	820.67
7979	821.37
7980	821.01
7981	820.82
7982	821.6
7983	820.93
7984	821.93
7985	820.53
7986	820.69
7987	820.65
7988	820.8
7989	821.54
7990	820.71
7991	821.47
7992	820.73
7993	820.98
7994	820.69
7995	820.96
7996	819.73
7997	821.45
7998	819.54
7999	820.88
8000	820.23
8001	819.57
8002	819.34
8003	822.01
8004	819.74
8005	820.32
8006	818.79
8007	821.13
8008	821.2
8009	820.19
8010	819.57
8011	819.02
8012	818.87
8013	818.21
8014	820.22
8015	820.97
8016	819.65
8017	819.02
8018	820.2
8019	820.15
8020	819.59
8021	820.45
8022	818.73
8023	819.68
8024	820.56
8025	820.12
8026	819.09
8027	819.98
8028	820.99
8029	819.1
8030	819.68
8031	819.96
8032	818.64
8033	819.12
8034	821.38
8035	818.8
8036	819.46
8037	818.47
8038	818.76
8039	819.54
8040	819.83
8041	818.57
8042	819.2
8043	820.7
8044	819.42
8045	819.61
8046	819.3
8047	820.38
8048	821.27
8049	820.33
8050	819.15
8051	818.91
8052	818.93
8053	818.42
8054	818.66
8055	819.26
8056	819.95
8057	818.22
8058	818.74
8059	817.85
8060	818.7
8061	817.13
8062	818.75
8063	817.54
8064	818.56
8065	817.05
8066	816.82
8067	816.5
8068	818.37
8069	818.49
8070	818.84
8071	818.96
8072	818.67
8073	817.8
8074	817.8
8075	818.1
8076	816.86
8077	818.33
8078	818.49
8079	817.56
8080	818.56
8081	818.78
8082	817.78
8083	818.66
8084	818.69
8085	818.78
8086	817.68
8087	818.3
8088	819.68
8089	818.71
8090	818.5
8091	818.45
8092	820.23
8093	819.27
8094	818.82
8095	819.96
8096	818.16
8097	820.27
8098	818.82
8099	819.35
8100	818.46
8101	817.86
8102	817.23
8103	818.39
8104	817.62
8105	817.32
8106	818.25
8107	819.38
8108	819.65
8109	819.92
8110	819.22
8111	819.04
8112	817.79
8113	819.02
8114	817.84
8115	817.88
8116	817.97
8117	818.77
8118	817.31
8119	818.11
8120	817.9
8121	816.57
8122	818.51
8123	816.4
8124	817.29
8125	818.33
8126	817.49
8127	818.34
8128	817.76
8129	818.75
8130	818.42
8131	818.97
8132	819.18
8133	819.11
8134	818.23
8135	819.19
8136	818.14
8137	818.19
8138	816.43
8139	817.81
8140	817.44
8141	817.36
8142	816.04
8143	816.38
8144	816.14
8145	815.47
8146	817.06
8147	816.42
8148	817.32
8149	816.67
8150	817.21
8151	816.97
8152	816.48
8153	816.68
8154	816.9
8155	816.64
8156	818.36
8157	817.47
8158	816.82
8159	815.74
8160	816.04
8161	816.35
8162	816.91
8163	817.29
8164	819.46
8165	817.12
8166	815.9
8167	817.25
8168	817.76
8169	816.69
8170	817.74
8171	817.51
8172	816.82
8173	816.35
8174	816.25
8175	815.88
8176	816.6
8177	815.19
8178	815.42
8179	816.49
8180	816.48
8181	814.99
8182	816.77
8183	814.15
8184	815.14
8185	816.92
8186	816.05
8187	816.37
8188	816.31
8189	815.84
8190	816
8191	814.54
8192	815.41
8193	814.63
8194	816.08
8195	814.59
8196	816.01
8197	814.56
8198	815.78
8199	815.53
8200	815.36
8201	815.32
8202	815.08
8203	817.08
8204	816.19
8205	816.16
8206	813.85
8207	817.11
8208	814.23
8209	814.06
8210	814.59
8211	813.84
8212	814.19
8213	814.13
8214	815.21
8215	814.01
8216	813.91
8217	813.97
8218	814.7
8219	814.53
8220	815.71
8221	815.43
8222	815.19
8223	814.63
8224	815.33
8225	815.69
8226	815.51
8227	817.14
8228	816
8229	816.39
8230	815.47
8231	814.68
8232	814.38
8233	815.06
8234	815.11
8235	816.5
8236	814.92
8237	816.16
8238	816.34
8239	816.45
8240	814.48
8241	814.95
8242	815.58
8243	818.05
8244	815.09
8245	815.92
8246	815.93
8247	815.66
8248	815.08
8249	815.14
8250	815.39
8251	815.47
8252	815.93
8253	815.57
8254	816.83
8255	815.57
8256	816.46
8257	816.69
8258	815.36
8259	816.73
8260	815.92
8261	815.89
8262	816.34
8263	815.06
8264	815.91
8265	815.04
8266	816.46
8267	815.22
8268	814.47
8269	815.85
8270	813.34
8271	814.66
8272	813.82
8273	813.88
8274	814.22
8275	816.22
8276	813.63
8277	813.21
8278	813.13
8279	814.93
8280	813.71
8281	814.76
8282	816.38
8283	814.16
8284	815.08
8285	815.94
8286	814.54
8287	815.32
8288	814.61
8289	813.75
8290	814.86
8291	814.38
8292	814.83
8293	814.16
8294	815.1
8295	817.32
8296	815.99
8297	815.2
8298	816.07
8299	815.87
8300	815.24
8301	815.34
8302	815.6
8303	814.74
8304	815.26
8305	814.64
8306	814.32
8307	814.36
8308	815.7
8309	815.25
8310	816.12
8311	814.33
8312	815.16
8313	815.3
8314	814.98
8315	814.57
8316	814.22
8317	814.16
8318	816.42
8319	814.87
8320	815.31
8321	815.71
8322	815.85
8323	816.21
8324	815.72
8325	814.6
8326	815.15
8327	815.28
8328	814.73
8329	815.29
8330	815.59
8331	816.24
8332	813.78
8333	815.18
8334	815.49
8335	815.68
8336	816.26
8337	814.62
8338	815.49
8339	814.67
8340	815.95
8341	814.87
8342	815.69
8343	816.31
8344	815.67
8345	814.27
8346	816.49
8347	815.75
8348	814.92
8349	813.91
8350	818.12
8351	815.56
8352	814.98
8353	814.19
8354	815.83
8355	815.52
8356	815.05
8357	816.04
8358	813.85
8359	813.9
8360	813.57
8361	816.11
8362	815.44
8363	815.96
8364	813.95
8365	814.58
8366	814
8367	813.93
8368	816
8369	815.17
8370	814.04
8371	814.26
8372	813.01
8373	814.62
8374	813.09
8375	812.61
8376	814.71
8377	814.17
8378	813.79
8379	813.03
8380	813.19
8381	814.47
8382	812.82
8383	813.62
8384	813.68
8385	814.38
8386	812.56
8387	813.97
8388	813.83
8389	813.2
8390	814.35
8391	812.71
8392	812.9
8393	812.43
8394	813.23
8395	812.56
8396	813.05
8397	813.16
8398	812.78
8399	814.29
8400	813.57
8401	813.99
8402	814.41
8403	813.31
8404	813.03
8405	813.11
8406	812.84
8407	814.25
8408	812.83
8409	814.61
8410	813.07
8411	813.34
8412	813.85
8413	813.56
8414	813.26
8415	814.45
8416	815.65
8417	813.96
8418	813.74
8419	814.95
8420	813.57
8421	814.23
8422	814.81
8423	814.63
8424	814.13
8425	813.45
8426	813.26
8427	814.08
8428	811.96
8429	813.86
8430	812.62
8431	815.15
8432	813.55
8433	813.37
8434	812.91
8435	813
8436	812.07
8437	813.05
8438	812.58
8439	811.9
8440	813.35
8441	814.49
8442	811.39
8443	811.69
8444	811.5
8445	812.15
8446	811.36
8447	811.89
8448	811.42
8449	811.43
8450	811.72
8451	812.19
8452	810.65
8453	812.05
8454	813.06
8455	811.82
8456	812.82
8457	812.02
8458	812.08
8459	812.46
8460	811.4
8461	812.2
8462	812.13
8463	811.49
8464	809.95
8465	812.22
8466	812.47
8467	811.82
8468	810.92
8469	811.04
8470	810.88
8471	810.65
8472	810.21
8473	811.39
8474	809.39
8475	809.78
8476	810.09
8477	810.13
8478	809.38
8479	808.98
8480	808.97
8481	810.3
8482	809.25
8483	810.22
8484	809.21
8485	808.59
8486	809.97
8487	811.33
8488	810.07
8489	810.69
8490	810.23
8491	810.32
8492	809.61
8493	810.25
8494	809.84
8495	809.26
8496	809.79
8497	808.54
8498	809.57
8499	810.23
8500	808.38
8501	809.94
8502	808.54
8503	809.31
8504	808.56
8505	808.37
8506	807.92
8507	809.9
8508	809.75
8509	808.25
8510	809.22
8511	809.64
8512	809.13
8513	809.48
8514	809.48
8515	810.01
8516	809.71
8517	810.04
8518	809.3
8519	809.78
8520	810.35
8521	810.16
8522	810.33
8523	811.12
8524	810.02
8525	809.11
8526	808.72
8527	809.2
8528	810.81
8529	809.37
8530	809.41
8531	809.33
8532	810.03
8533	809.84
8534	810.2
8535	809.81
8536	810.39
8537	808.25
8538	809.14
8539	808.94
8540	809.44
8541	809.36
8542	810.16
8543	809.55
8544	808.8
8545	807.95
8546	807.74
8547	808.71
8548	809.84
8549	808.03
8550	807.66
8551	808.14
8552	808.97
8553	808.72
8554	807.98
8555	808.53
8556	808.52
8557	807.53
8558	807.96
8559	808.7
8560	808.73
8561	808.7
8562	809.29
8563	809.69
8564	808.63
8565	809.79
8566	809.26
8567	809.21
8568	809.85
8569	811.06
8570	809.01
8571	809.31
8572	807.97
8573	808.97
8574	806.92
8575	807
8576	808.11
8577	807.31
8578	807.78
8579	807.5
8580	808.42
8581	807.66
8582	807.32
8583	807.23
8584	807.24
8585	807.27
8586	807.74
8587	808.27
8588	808.19
8589	807.88
8590	808.81
8591	807.63
8592	808.2
8593	807.5
8594	808.99
8595	807.76
8596	808.43
8597	807.73
8598	807.26
8599	807.66
8600	808.29
8601	809.73
8602	808.13
8603	807.65
8604	808.07
8605	806.96
8606	807.89
8607	807.39
8608	807.58
8609	806.07
8610	806.57
8611	805.7
8612	805.84
8613	806.63
8614	806.76
8615	806.56
8616	805.93
8617	807.75
8618	807.98
8619	805.52
8620	806.89
8621	805.59
8622	807.42
8623	806.53
8624	805.05
8625	805.93
8626	805.85
8627	805.04
8628	806.73
8629	805.93
8630	805.94
8631	807.21
8632	805.63
8633	805.85
8634	804.36
8635	804.78
8636	804.36
8637	806.07
8638	805.32
8639	804.08
8640	804.33
8641	806.26
8642	804.05
8643	804.09
8644	804.93
8645	804.42
8646	804.67
8647	805.33
8648	805.33
8649	805.79
8650	805.4
8651	806.14
8652	804.54
8653	804.16
8654	806.07
8655	805.15
8656	805.76
8657	804.46
8658	804.46
8659	804.81
8660	803.73
8661	806.14
8662	804.18
8663	805.65
8664	805.87
8665	806.01
8666	805.26
8667	806.29
8668	804.19
8669	805.53
8670	805.46
8671	804.95
8672	805.99
8673	805.88
8674	805.52
8675	805.32
8676	806.31
8677	804.88
8678	805.45
8679	805.39
8680	807.33
8681	805.53
8682	805.5
8683	806.23
8684	806.16
8685	806.43
8686	805.44
8687	806.15
8688	806.74
8689	807.29
8690	805.68
8691	807.68
8692	806.41
8693	807.25
8694	805.55
8695	806.95
8696	806.91
8697	806.26
8698	806.56
8699	805.35
8700	807.1
8701	808.08
8702	807.31
8703	807.12
8704	809.05
8705	805.96
8706	805.28
8707	804.97
8708	805.39
8709	806.76
8710	805.55
8711	805.17
8712	806.51
8713	806.6
8714	805.45
8715	805.11
8716	805.04
8717	805.31
8718	804.38
8719	806.4
8720	806.06
8721	806.7
8722	804.52
8723	805.15
8724	805.31
8725	804.7
8726	806.33
8727	804.29
8728	804.24
8729	805.2
8730	803.48
8731	804.82
8732	806.06
8733	805.51
8734	803.43
8735	805.05
8736	806.3
8737	804.42
8738	805.19
8739	804.07
8740	805.63
8741	804.14
8742	804.32
8743	804.88
8744	805.59
8745	805.61
8746	804.26
8747	804.97
8748	805.24
8749	805.06
8750	804.73
8751	806.75
8752	804.53
8753	804.96
8754	805.01
8755	804.42
8756	803.46
8757	803.74
8758	803.16
8759	803.72
8760	802.52
8761	803.79
8762	803.46
8763	803.18
8764	802.52
8765	803.96
8766	804.24
8767	802.74
8768	802.48
8769	803.42
8770	802.66
8771	802.61
8772	804.53
8773	802.55
8774	803.06
8775	804.84
8776	803.64
8777	801.93
8778	802.82
8779	802.39
8780	803.07
8781	803.63
8782	804.51
8783	804.42
8784	803.47
8785	802.74
8786	804.19
8787	804.15
8788	804.62
8789	803.98
8790	802.94
8791	804.12
8792	803.33
8793	803.57
8794	804.02
8795	803.67
8796	803.61
8797	803.72
8798	803.59
8799	803.8
8800	803.16
8801	803.46
8802	802.77
8803	802.63
8804	803.32
8805	803.88
8806	803.17
8807	802.4
8808	803.45
8809	802.65
8810	803.18
8811	801.5
8812	800.42
8813	801.27
8814	802.49
8815	803.15
8816	801.86
8817	802.69
8818	801.62
8819	802.17
8820	802.05
8821	801.5
8822	802.02
8823	801.8
8824	801.25
8825	801.88
8826	800.7
8827	799.88
8828	802.4
8829	800.97
8830	800.75
8831	800.23
8832	800.48
8833	800.28
8834	800.79
8835	801.22
8836	800.62
8837	801.24
8838	799.08
8839	800.28
8840	800.03
8841	800.47
8842	800.73
8843	800.36
8844	800.47
8845	801.99
8846	799.94
8847	800.7
8848	799.78
8849	800.81
8850	800.74
8851	799.71
8852	800.11
8853	800.68
8854	801.27
8855	800.96
8856	800.55
8857	801.41
8858	801.08
8859	801
8860	801.43
8861	798.63
8862	799.58
8863	799.96
8864	798.49
8865	800.38
8866	800
8867	799.46
8868	799.25
8869	798.69
8870	798.73
8871	798.41
8872	798.01
8873	798.68
8874	798.41
8875	797.99
8876	799.26
8877	799.29
8878	797.71
8879	798.12
8880	798.62
8881	798.93
8882	798.4
8883	797.67
8884	797.95
8885	798.7
8886	798.38
8887	798.09
8888	799.39
8889	799.52
8890	798.99
8891	800.02
8892	799.07
8893	798.77
8894	799.61
8895	801.11
8896	799.58
8897	799.39
8898	798.8
8899	799.4
8900	801.31
8901	800.29
8902	799.42
8903	799.81
8904	799.13
8905	799.89
8906	801.2
8907	799.1
8908	800.88
8909	799.86
8910	800.97
8911	801.01
8912	798.93
8913	801.49
8914	800.17
8915	800.44
8916	800.14
8917	799.25
8918	800.19
8919	800.56
8920	799.95
8921	799.66
8922	799.62
8923	801.9
8924	798.95
8925	799.16
8926	800.68
8927	799.22
8928	800.17
8929	800.81
8930	802.21
8931	799.75
8932	799.33
8933	798.46
8934	798.58
8935	799.25
8936	798.8
8937	798.34
8938	799.78
8939	800.59
8940	797.9
8941	798.49
8942	800.35
8943	799.3
8944	799.45
8945	799.6
8946	799.75
8947	799.79
8948	798.97
8949	800.45
8950	800.28
8951	799.71
8952	800.28
8953	800.63
8954	800.25
8955	800.82
8956	799.08
8957	800.09
8958	799.68
8959	800.87
8960	800.06
8961	799.71
8962	799.81
8963	800.92
8964	800.76
8965	799.88
8966	799.51
8967	801.24
8968	799.67
8969	799.67
8970	799.69
8971	799.01
8972	801.23
8973	800.78
8974	800.92
8975	799.86
8976	801.36
8977	800.54
8978	800.51
8979	799.41
8980	801.82
8981	801.02
8982	800.92
8983	801
8984	800.23
8985	800.29
8986	800.83
8987	801.78
8988	800.75
8989	800.48
8990	799.99
8991	800.76
8992	801.51
8993	802.71
8994	799.62
8995	800.58
8996	801.4
8997	799.48
8998	799.38
8999	800.44
9000	800.32
9001	800.54
9002	802.38
9003	800.26
9004	800.57
9005	799.67
9006	799.25
9007	799.64
9008	799.68
9009	800.13
9010	799.69
9011	799.87
9012	799.58
9013	800.87
9014	800.75
9015	801.47
9016	800.4
9017	801.06
9018	800.24
9019	801.84
9020	801.23
9021	799.93
9022	801.44
9023	802.55
9024	802.93
9025	800.39
9026	800.04
9027	801.85
9028	800.58
9029	800.35
9030	800.84
9031	801.27
9032	800.94
9033	800
9034	801.09
9035	800.55
9036	799.51
9037	801.12
9038	801.48
9039	800.5
9040	801.03
9041	800.22
9042	801.24
9043	801.21
9044	799.89
9045	800.54
9046	800.17
9047	799.98
9048	799.66
9049	799.41
9050	800.17
9051	800.89
9052	799.06
9053	800.04
9054	799.21
9055	800.28
9056	798.23
9057	798.98
9058	799.04
9059	798.44
9060	798.46
9061	800.04
9062	799.4
9063	798.56
9064	797.79
9065	798.23
9066	798.74
9067	798.36
9068	798.42
9069	797.27
9070	798.89
9071	797.9
9072	798.54
9073	798.26
9074	799.46
9075	799.2
9076	798.96
9077	797.8
9078	796.98
9079	798.04
9080	797.48
9081	797.45
9082	798.02
9083	798.79
9084	797.19
9085	798.06
9086	796.45
9087	797.74
9088	798.48
9089	797.95
9090	797.32
9091	796.67
9092	796.13
9093	796.97
9094	796.36
9095	796.86
9096	797.7
9097	796.82
9098	797.07
9099	795.6
9100	796.4
9101	796.32
9102	796.43
9103	796.18
9104	796.4
9105	796.13
9106	796.61
9107	795.77
9108	797.86
9109	796.76
9110	795.97
9111	795.54
9112	796.2
9113	795.73
9114	796.29
9115	796.35
9116	796.07
9117	795.71
9118	795.89
9119	796.14
9120	796.41
9121	796.96
9122	795.17
9123	796.91
9124	795.81
9125	796.43
9126	794.82
9127	795.6
9128	794.81
9129	796.09
9130	796.38
9131	794.93
9132	796.07
9133	796.73
9134	794.7
9135	795.58
9136	795.33
9137	795.97
9138	795.96
9139	795.58
9140	795.84
9141	796.62
9142	795.96
9143	796.3
9144	796.22
9145	794.83
9146	795.72
9147	796.31
9148	795.6
9149	796.03
9150	794.13
9151	794.64
9152	794.79
9153	794.99
9154	796.27
9155	796.58
9156	795.91
9157	794.73
9158	795.66
9159	796.32
9160	796.02
9161	795.77
9162	795.71
9163	795.37
9164	796.14
9165	796.04
9166	796.31
9167	795.6
9168	796.51
9169	794.77
9170	795.03
9171	795.92
9172	797.45
9173	796.09
9174	794.96
9175	795.2
9176	795.31
9177	795.01
9178	796.99
9179	795.42
9180	795.45
9181	795.03
9182	795.59
9183	795.69
9184	796.75
9185	797.04
9186	795.32
9187	795.42
9188	796.29
9189	796.53
9190	794.54
9191	794.73
9192	795
9193	794.61
9194	796.37
9195	794.84
9196	793.86
9197	795.87
9198	795.73
9199	794.82
9200	794.98
9201	794.13
9202	793.93
9203	794.79
9204	794.34
9205	794.51
9206	795.47
9207	793.18
9208	795.46
9209	795.13
9210	795.26
9211	795.51
9212	795.11
9213	795.83
9214	795.44
9215	794.87
9216	794.39
9217	795.45
9218	795.04
9219	795.05
9220	794.17
9221	794.9
9222	795.74
9223	794.85
9224	794.06
9225	793.81
9226	795.35
9227	794.79
9228	793.47
9229	795.51
9230	795.34
9231	794.27
9232	795.23
9233	795.1
9234	795.8
9235	795.57
9236	795.91
9237	794.7
9238	796.24
9239	794.67
9240	794.44
9241	795.49
9242	794.7
9243	794.55
9244	797.34
9245	795.74
9246	794.83
9247	795.56
9248	794.64
9249	793.58
9250	795.53
9251	794.31
9252	794.15
9253	795.08
9254	794.32
9255	792.36
9256	793.42
9257	792.12
9258	793.52
9259	794.54
9260	794.28
9261	794.88
9262	794.18
9263	795.18
9264	794
9265	794.12
9266	794.66
9267	793.7
9268	793.66
9269	793.68
9270	793.46
9271	793.12
9272	793.15
9273	794.55
9274	793.25
9275	794.09
9276	792.31
9277	793.48
9278	793.7
9279	792.19
9280	791.81
9281	791.04
9282	791.66
9283	792.91
9284	792.67
9285	791.86
9286	792.75
9287	791.82
9288	792.74
9289	792.43
9290	792.68
9291	793.04
9292	793.52
9293	792.66
9294	793.3
9295	792.42
9296	792.54
9297	792.64
9298	793.04
9299	793.09
9300	793.23
9301	794.18
9302	793.79
9303	792.75
9304	791.91
9305	793.36
9306	792.55
9307	792.96
9308	792.83
9309	793.42
9310	793.46
9311	793.53
9312	793.69
9313	792.47
9314	793.11
9315	794
9316	792.91
9317	793.55
9318	792.22
9319	792.24
9320	793.41
9321	794.34
9322	793.43
9323	793.68
9324	792.58
9325	793.18
9326	793.65
9327	792.25
9328	793.37
9329	792.49
9330	792.76
9331	793.26
9332	791.72
9333	794.14
9334	793.59
9335	792.62
9336	793.35
9337	792.1
9338	795.06
9339	793.39
9340	792.17
9341	793.19
9342	793.47
9343	792.87
9344	794
9345	793.96
9346	792.68
9347	793.38
9348	793.99
9349	795.05
9350	792.25
9351	793.4
9352	794.48
9353	794.07
9354	794.44
9355	793.65
9356	794.64
9357	792
9358	794.83
9359	793.81
9360	793.16
9361	794.45
9362	794.64
9363	794.79
9364	793.46
9365	793.3
9366	794.19
9367	794.09
9368	793.39
9369	793.48
9370	792.15
9371	792.63
9372	794.1
9373	793.94
9374	793.83
9375	793.27
9376	793.55
9377	792.86
9378	793.26
9379	794.08
9380	792.07
9381	794.46
9382	793.89
9383	793.92
9384	792.98
9385	794.78
9386	792.07
9387	794.01
9388	792.47
9389	793.77
9390	792.97
9391	792.16
9392	792.73
9393	791.68
9394	792.73
9395	791.55
9396	792.09
9397	792.06
9398	791.61
9399	791.58
9400	791.14
9401	791.72
9402	791.9
9403	790.73
9404	791.57
9405	790.91
9406	792.06
9407	791.39
9408	792.32
9409	790.41
9410	791.29
9411	790.84
9412	790.55
9413	790.7
9414	790.92
9415	790.94
9416	792.62
9417	792.7
9418	792.65
9419	791.95
9420	791.95
9421	791.97
9422	791.43
9423	793.24
9424	792.03
9425	792.28
9426	792.59
9427	792
9428	791.83
9429	791.79
9430	792.34
9431	792.19
9432	794.1
9433	792.84
9434	791.9
9435	793.57
9436	792.86
9437	792.37
9438	791.22
9439	791.58
9440	792.2
9441	793.02
9442	792.18
9443	791.35
9444	789.84
9445	791.12
9446	790.45
9447	790.19
9448	791.75
9449	791.74
9450	791.4
9451	791.06
9452	788.87
9453	791.59
9454	791.43
9455	790.55
9456	790.4
9457	790.64
9458	790.96
9459	789.9
9460	790
9461	791.5
9462	790.82
9463	790.28
9464	791.12
9465	790.59
9466	792.93
9467	791.8
9468	791.6
9469	792.11
9470	790.43
9471	790.08
9472	791.05
9473	791.86
9474	790.5
9475	790.61
9476	790.85
9477	791.24
9478	791.12
9479	791.91
9480	791.11
9481	791.64
9482	792.53
9483	791.28
9484	790.31
9485	790.14
9486	791.06
9487	790.86
9488	790.84
9489	790.67
9490	790.09
9491	789.92
9492	789.77
9493	791.07
9494	789.6
9495	789.99
9496	790.71
9497	790.41
9498	791.32
9499	790.53
9500	789.49
9501	791.13
9502	789.67
9503	790.11
9504	790.4
9505	790.7
9506	788.74
9507	790.76
9508	789.8
9509	791.01
9510	790.87
9511	792.46
9512	789.78
9513	790.42
9514	790.79
9515	790.21
9516	789.85
9517	789.83
9518	790.68
9519	790.2
9520	790.01
9521	789.88
9522	791.59
9523	790.68
9524	791.39
9525	790.18
9526	789.22
9527	788.42
9528	789.66
9529	789.2
9530	789.17
9531	790.12
9532	789.75
9533	789.82
9534	788.74
9535	789.31
9536	788.38
9537	789.86
9538	788.66
9539	790.51
9540	788.34
9541	790.28
9542	788.94
9543	790.4
9544	789.2
9545	789.92
9546	789.29
9547	789.48
9548	788.85
9549	790.09
9550	788.43
9551	788.54
9552	789.12
9553	790.13
9554	788.11
9555	787.27
9556	787.47
9557	786.99
9558	787.46
9559	786.46
9560	787.04
9561	787.85
9562	788.26
9563	786.37
9564	787.45
9565	785.82
9566	785.84
9567	785.24
9568	786.18
9569	787
9570	786.91
9571	786.16
9572	786.97
9573	785.9
9574	786.14
9575	787.33
9576	787.33
9577	787.79
9578	786.93
9579	787.3
9580	787.57
9581	787.23
9582	786.45
9583	786.13
9584	785.71
9585	786.57
9586	787.52
9587	786.3
9588	785.29
9589	787.04
9590	786
9591	786.64
9592	786.27
9593	787.12
9594	786.09
9595	786.26
9596	787.16
9597	786.09
9598	786.74
9599	786.75
9600	786.19
9601	785.08
9602	785.14
9603	784.38
9604	785.82
9605	784.08
9606	785.75
9607	786.57
9608	785.53
9609	786.67
9610	784.9
9611	786.71
9612	786.42
9613	784.07
9614	784.39
9615	784.18
9616	783.24
9617	783
9618	782.91
9619	782.91
9620	784.16
9621	783.78
9622	783.92
9623	783.55
9624	784.08
9625	783.06
9626	785.19
9627	785.63
9628	783.28
9629	784.53
9630	783.97
9631	784.86
9632	783.89
9633	784.85
9634	783.16
9635	783.39
9636	783.79
9637	784.02
9638	784.31
9639	783.04
9640	782.72
9641	782.96
9642	782.95
9643	783.13
9644	781.78
9645	782.6
9646	782.01
9647	781.76
9648	783.6
9649	781.92
9650	781.99
9651	781.84
9652	782.26
9653	781.71
9654	782.82
9655	783.51
9656	783.44
9657	782.16
9658	783.75
9659	782.34
9660	782.94
9661	782.66
9662	784.46
9663	781.69
9664	783
9665	781.9
9666	781.4
9667	781.17
9668	783.13
9669	781.65
9670	783.13
9671	781.32
9672	782.5
9673	780.39
9674	782.54
9675	780.27
9676	780.86
9677	782.39
9678	781.92
9679	782.61
9680	781.99
9681	782.46
9682	782.71
9683	782.19
9684	782.94
9685	781.75
9686	782.95
9687	783.1
9688	781.85
9689	782.59
9690	783.15
9691	782.98
9692	782.08
9693	781.43
9694	782.5
9695	781.39
9696	781.99
9697	782.86
9698	781.94
9699	781.98
9700	782.53
9701	783.5
9702	782.31
9703	782.4
9704	784.53
9705	784.09
9706	783.44
9707	783.66
9708	785.36
9709	782.63
9710	783.04
9711	783.02
9712	783.96
9713	783.29
9714	784.02
9715	783.53
9716	783.51
9717	784.22
9718	783.37
9719	782.57
9720	783.28
9721	782.95
9722	783.59
9723	784.67
9724	783.06
9725	783.69
9726	784.93
9727	784.52
9728	782.81
9729	783.96
9730	785.07
9731	784.17
9732	782.94
9733	783.42
9734	784.01
9735	783.33
9736	784
9737	783.23
9738	783.35
9739	784.69
9740	782.46
9741	783.48
9742	783
9743	783.51
9744	782.58
9745	783.16
9746	783.67
9747	783.07
9748	782.31
9749	781.87
9750	783.59
9751	784.06
9752	782.78
9753	782.99
9754	782.63
9755	783.55
9756	782.8
9757	782.25
9758	781.27
9759	782.32
9760	782.53
9761	782.23
9762	781.39
9763	782.38
9764	782.4
9765	783.34
9766	782.38
9767	781.53
9768	780.8
9769	780.77
9770	781.71
9771	780.91
9772	781.35
9773	781.4
9774	781.83
9775	780.44
9776	780.53
9777	780.75
9778	781.72
9779	782.28
9780	782.77
9781	781.58
9782	782.31
9783	782.45
9784	781.79
9785	781.78
9786	780.52
9787	781.1
9788	782.06
9789	782.87
9790	781.22
9791	782.25
9792	780.71
9793	780.99
9794	780.03
9795	781.38
9796	779.6
9797	779.49
9798	779.79
9799	780.82
9800	781.24
9801	782.03
9802	780.91
9803	780.34
9804	781.2
9805	780.73
9806	780.91
9807	781.4
9808	780.26
9809	782.77
9810	781.36
9811	782.24
9812	781.74
9813	782.23
9814	781.94
9815	782.65
9816	781.57
9817	780.41
9818	783.37
9819	781.08
9820	781.23
9821	782.09
9822	780.83
9823	781.02
9824	781.05
9825	781.63
9826	781.29
9827	781.41
9828	780.96
9829	781.13
9830	782.85
9831	781.88
9832	781.37
9833	782.14
9834	781.75
9835	780.65
9836	780.45
9837	782.17
9838	780.94
9839	779.9
9840	780.41
9841	780.45
9842	779.78
9843	778.89
9844	780.09
9845	779.36
9846	778.98
9847	778.37
9848	780.33
9849	779
9850	780.38
9851	779.38
9852	780.16
9853	779.4
9854	779.15
9855	779.53
9856	778.98
9857	778.65
9858	778.59
9859	779.3
9860	779.6
9861	778.03
9862	778.97
9863	780.56
9864	777.51
9865	778.19
9866	778.03
9867	777.68
9868	779.59
9869	777.98
9870	778.23
9871	778.73
9872	778.95
9873	778.28
9874	778.26
9875	779.06
9876	778.61
9877	779.17
9878	778.92
9879	779.46
9880	780.37
9881	779
9882	779.08
9883	778.72
9884	780.09
9885	778.56
9886	777.89
9887	778.85
9888	779.21
9889	779.96
9890	780.36
9891	780.01
9892	779.68
9893	781.23
9894	779.16
9895	779.99
9896	779.85
9897	779.91
9898	779.92
9899	779.96
9900	781.19
9901	780.51
9902	779.42
9903	779.8
9904	779.29
9905	780.48
9906	778.87
9907	779.01
9908	779.82
9909	779.95
9910	779.4
9911	780.2
9912	779.17
9913	779.48
9914	779.11
9915	779.1
9916	779.34
9917	778.04
9918	779.62
9919	780.01
9920	778.48
9921	778.39
9922	779.31
9923	779.72
9924	777.83
9925	778.91
9926	777.65
9927	778.42
9928	779.36
9929	779.01
9930	778.06
9931	777.14
9932	777.09
9933	776.9
9934	777.72
9935	776.7
9936	777.26
9937	777.25
9938	777.16
9939	776.58
9940	776.91
9941	776.66
9942	777.45
9943	777.47
9944	776.74
9945	777.96
9946	776.6
9947	776.27
9948	776.16
9949	777.26
9950	778.22
9951	777.72
9952	777.84
9953	778.28
9954	778.04
9955	777.8
9956	778.38
9957	778.19
9958	777.24
9959	777.34
9960	777.67
9961	777.79
9962	777.46
9963	777.97
9964	778.17
9965	777.98
9966	778.74
9967	778.47
9968	777.7
9969	778.81
9970	778.91
9971	778.84
9972	779.19
9973	779.16
9974	779.35
9975	779.07
9976	780.18
9977	779.13
9978	778.67
9979	778.48
9980	778.8
9981	778.44
9982	777.62
9983	778.21
9984	777.69
9985	777.26
9986	777.17
9987	778.18
9988	779.16
9989	778.08
9990	777.6
9991	778.83
9992	778.64
9993	778.92
9994	778.81
9995	778.03
9996	777.81
9997	779.18
9998	779.27
9999	779.37
10000	777.82
10001	779.54
10002	778.68
10003	778.84
10004	779.05
10005	779.13
10006	778.71
10007	779.09
10008	780.43
10009	780.65
10010	779.79
10011	779.02
10012	780.14
10013	779.76
10014	781.21
10015	779.44
10016	779.35
10017	779.36
10018	779.27
10019	779.17
10020	779.38
10021	780.6
10022	779.92
10023	780.85
10024	780.22
10025	779.94
10026	780.39
10027	779.72
10028	779.62
10029	780.05
10030	779.11
10031	781.45
10032	780.02
10033	779.8
10034	780.37
10035	778.79
10036	779.48
10037	780.87
10038	779.21
10039	779.51
10040	779.54
10041	779.69
10042	780.11
10043	779.3
10044	778.63
10045	779.23
10046	779.8
10047	778.1
10048	779.19
10049	778.68
10050	779.11
10051	778.45
10052	779.7
10053	779.03
10054	778.76
10055	778.5
10056	778.35
10057	779.51
10058	779.63
10059	777.99
10060	778.81
10061	778.4
10062	778.78
10063	778.81
10064	779.53
10065	778.12
10066	778.5
10067	778.66
10068	778.65
10069	779.8
10070	778.95
10071	778.1
10072	778.12
10073	777.39
10074	776.96
10075	778.23
10076	779.79
10077	778.14
10078	777.3
10079	779.21
10080	779.62
10081	777.21
10082	778.6
10083	776.79
10084	776.79
10085	776.01
10086	777.49
10087	778.32
10088	776.75
10089	776.5
10090	776.9
10091	775.96
10092	777.06
10093	775.71
10094	776.31
10095	775.18
10096	776.48
10097	775.49
10098	776.43
10099	775.69
10100	776.64
10101	776.57
10102	775.85
10103	775.99
10104	776.62
10105	776.19
10106	775.09
10107	774.83
10108	776.63
10109	776.04
10110	776.73
10111	774.49
10112	775.91
10113	774.95
10114	775.23
10115	776
10116	775.76
10117	776.28
10118	775.08
10119	775.33
10120	774.73
10121	774.63
10122	774.75
10123	774.18
10124	774.25
10125	775.08
10126	776.34
10127	773.32
10128	774.19
10129	774.43
10130	775.32
10131	774.28
10132	775.29
10133	774.9
10134	774.16
10135	774.87
10136	772.78
10137	773.9
10138	774.84
10139	773.96
10140	772.74
10141	774.43
10142	772.75
10143	772.73
10144	773.56
10145	772.83
10146	774.09
10147	774.27
10148	774.29
10149	773.46
10150	774.05
10151	773.2
10152	772.21
10153	772.83
10154	773.67
10155	774.19
10156	773.47
10157	773.8
10158	774.65
10159	774.37
10160	774.93
10161	774.35
10162	774.82
10163	774.69
10164	774.84
10165	773.34
10166	775.07
10167	774.41
10168	774.69
10169	776.2
10170	777.01
10171	776
10172	774.85
10173	774.58
10174	773.8
10175	774.06
10176	774.45
10177	775.62
10178	775.59
10179	777.04
10180	774.18
10181	774.5
10182	773.97
10183	774.36
10184	773.96
10185	773.78
10186	773.71
10187	773.48
10188	774.22
10189	774.37
10190	773.37
10191	773.51
10192	773.56
10193	773.57
10194	773.43
10195	772.8
10196	772.7
10197	773.93
10198	773.39
10199	773.16
10200	773.46
10201	773.87
10202	775.09
10203	775.33
10204	774.64
10205	773.93
10206	773.56
10207	773.8
10208	774.25
10209	773.59
10210	774.77
10211	773.96
10212	772.84
10213	774.48
10214	773.42
10215	772.78
10216	774.18
10217	773.86
10218	775.21
10219	773.72
10220	773.46
10221	773.85
10222	773.58
10223	772.86
10224	773.2
10225	773.08
10226	772.05
10227	773.61
10228	772.01
10229	772.78
10230	774.09
10231	773.45
10232	772.04
10233	773.37
10234	773.61
10235	773.51
10236	771.88
10237	773.72
10238	773.15
10239	774.28
10240	772.41
10241	774.67
10242	773.7
10243	774.32
10244	773.34
10245	773.41
10246	774.21
10247	773.92
10248	773.6
10249	774.19
10250	774.4
10251	772.81
10252	773.21
10253	773.96
10254	774.42
10255	773.2
10256	774
10257	772.68
10258	773.93
10259	772.5
10260	775.03
10261	772.93
10262	773.42
10263	773.6
10264	773.08
10265	772.67
10266	773.39
10267	773.59
10268	772.37
10269	772.62
10270	772.15
10271	774.05
10272	772.41
10273	771.66
10274	773.1
10275	772.21
10276	770.99
10277	773.29
10278	772
10279	771.96
10280	773.01
10281	773.97
10282	772.38
10283	773.12
10284	772.11
10285	773.83
10286	775.24
10287	774.07
10288	772.93
10289	773.54
10290	774.12
10291	774.25
10292	774.11
10293	774.38
10294	774.63
10295	773.53
10296	773.38
10297	774.23
10298	773.66
10299	775
10300	773.28
10301	774.54
10302	774.98
10303	773.44
10304	774.18
10305	773.31
10306	773.51
10307	773.19
10308	772.59
10309	772.96
10310	772.95
10311	771.76
10312	773.76
10313	774.05
10314	772.45
10315	773.14
10316	774.92
10317	772.53
10318	772.5
10319	773.02
10320	774.24
10321	773.07
10322	773.91
10323	774.84
10324	773.83
10325	773.82
10326	774.78
10327	773.51
10328	774.59
10329	774.68
10330	774.69
10331	772.54
10332	773.69
10333	773.8
10334	772.47
10335	773.91
10336	773.22
10337	774.58
10338	773.36
10339	773.68
10340	773.16
10341	772.59
10342	774.89
10343	773.87
10344	774.27
10345	773.22
10346	773.97
10347	773.18
10348	774.08
10349	772.24
10350	772.41
10351	772.97
10352	771.45
10353	772.96
10354	773.38
10355	771.71
10356	771.13
10357	770.83
10358	771.81
10359	770.62
10360	772.14
10361	773.81
10362	771.3
10363	771.04
10364	769.91
10365	771.94
10366	770.54
10367	770.12
10368	770.69
10369	771.68
10370	772.66
10371	770.58
10372	772.84
10373	770.64
10374	770.78
10375	769.81
10376	770.48
10377	772.4
10378	769.92
10379	771.44
10380	770.31
10381	771.73
10382	771.61
10383	772.34
10384	772.99
10385	770.55
10386	771.75
10387	771.2
10388	771.22
10389	770.71
10390	770.88
10391	770.95
10392	771.71
10393	771.63
10394	773.14
10395	771.82
10396	772.37
10397	770.59
10398	772.09
10399	770.65
10400	770.55
10401	771.12
10402	770.58
10403	770
10404	770.53
10405	770.87
10406	770.26
10407	770.32
10408	770.87
10409	770.2
10410	770.61
10411	769.78
10412	770.69
10413	771.41
10414	770.72
10415	770.15
10416	771.31
10417	772.42
10418	771.94
10419	771.21
10420	771.52
10421	772.88
10422	771.38
10423	769.82
10424	770.69
10425	772.36
10426	771.32
10427	771.33
10428	770.48
10429	770.18
10430	769.75
10431	770.79
10432	770.46
10433	771.86
10434	770.28
10435	770.35
10436	771.68
10437	771.3
10438	770.12
10439	771.53
10440	770.66
10441	770.22
10442	769.74
10443	770.28
10444	771.53
10445	771.47
10446	770.82
10447	771.98
10448	772.98
10449	771.65
10450	771.56
10451	771.04
10452	772.13
10453	770.98
10454	772.14
10455	771.08
10456	770.69
10457	770.8
10458	770.63
10459	770.63
10460	769.87
10461	770.16
10462	771.19
10463	770.04
10464	771.04
10465	769.24
10466	769.21
10467	769.01
10468	769.51
10469	770.51
10470	769.76
10471	769.82
10472	768.89
10473	769.19
10474	769.13
10475	769.32
10476	768.73
10477	768.4
10478	769.75
10479	768.26
10480	769.26
10481	769.18
10482	768.97
10483	767.69
10484	769.77
10485	767.31
10486	768.57
10487	767.39
10488	767.36
10489	768.7
10490	768.71
10491	768.18
10492	767.6
10493	768.53
10494	766.94
10495	768.42
10496	766.78
10497	767.61
10498	768.28
10499	769.02
10500	768.54
10501	769.22
10502	767.76
10503	770.31
10504	768.72
10505	768.01
10506	768.51
10507	767.38
10508	768.31
10509	768.77
10510	767.95
10511	768.62
10512	768.2
10513	768.92
10514	768.27
10515	768.72
10516	768.2
10517	769.02
10518	767.63
10519	768.74
10520	768.05
10521	766.4
10522	767.3
10523	767.65
10524	767.29
10525	766.8
10526	766.62
10527	766.6
10528	766.28
10529	766.04
10530	766.75
10531	767.41
10532	767.56
10533	766.4
10534	766.85
10535	768.48
10536	766.73
10537	767.38
10538	766.07
10539	767.8
10540	767.38
10541	768.75
10542	766.85
10543	766.65
10544	767.14
10545	768.42
10546	767.28
10547	766.67
10548	766.58
10549	767.48
10550	765.61
10551	766.3
10552	766.46
10553	767.22
10554	765.87
10555	766.09
10556	767
10557	766.61
10558	764.85
10559	765.53
10560	766.14
10561	765.98
10562	765.57
10563	765.01
10564	764.56
10565	765.39
10566	766.01
10567	765.93
10568	764.78
10569	766.71
10570	767.38
10571	767.99
10572	765.03
10573	765.77
10574	765.83
10575	766.82
10576	766.38
10577	765.96
10578	767.02
10579	767.71
10580	766.32
10581	766.51
10582	766.94
10583	765.37
10584	765.37
10585	767.06
10586	765.96
10587	766.54
10588	766.5
10589	766.18
10590	766.44
10591	767.11
10592	766.42
10593	767.69
10594	767.26
10595	766.68
10596	767.36
10597	767.41
10598	766.49
10599	766.05
10600	766.92
10601	767.26
10602	766.11
10603	765.71
10604	767.23
10605	766.66
10606	766.67
10607	764.78
10608	767.63
10609	767.1
10610	767.24
10611	765.99
10612	766.33
10613	765.87
10614	765.08
10615	764.63
10616	765.4
10617	765.05
10618	765.41
10619	766.49
10620	766.06
10621	766.28
10622	765.89
10623	765.38
10624	765.07
10625	765.9
10626	765.14
10627	765.3
10628	766.49
10629	765.17
10630	764.39
10631	766.07
10632	765.88
10633	765.46
10634	766.55
10635	765.01
10636	764.36
10637	764.44
10638	763.39
10639	764.75
10640	764.19
10641	764.88
10642	765.09
10643	765.14
10644	764.92
10645	764.55
10646	766.1
10647	765.14
10648	764.71
10649	765.25
10650	765.05
10651	764.36
10652	766.01
10653	764.48
10654	764.68
10655	764.92
10656	765.55
10657	764.66
10658	764.95
10659	766.45
10660	765.96
10661	763.96
10662	765.54
10663	765.21
10664	764.98
10665	764.96
10666	764.31
10667	765.44
10668	765.87
10669	767.17
10670	765.77
10671	764.52
10672	765.35
10673	766.57
10674	766.47
10675	766.22
10676	764.87
10677	766.84
10678	765.74
10679	764.67
10680	763.85
10681	765.39
10682	764.89
10683	764.48
10684	765.18
10685	764.56
10686	765.92
10687	764.66
10688	764.25
10689	766.66
10690	766.17
10691	763.85
10692	763.55
10693	764.3
10694	764.44
10695	765.72
10696	765.97
10697	765.91
10698	765.81
10699	765.41
10700	765.7
10701	765.64
10702	764.47
10703	763.98
10704	764.03
10705	765.06
10706	765.04
10707	764.65
10708	764.3
10709	764.63
10710	763.98
10711	764.52
10712	763.64
10713	763.79
10714	762.16
10715	762.31
10716	763.76
10717	763.29
10718	763.26
10719	763.51
10720	763.54
10721	763.29
10722	764.63
10723	762.84
10724	763.78
10725	763.34
10726	763.73
10727	763.54
10728	763.62
10729	762.79
10730	763.82
10731	763.25
10732	762.8
10733	762.92
10734	762.85
10735	761.82
10736	762.44
10737	763.88
10738	763.52
10739	761.95
10740	762.63
10741	763.5
10742	762.57
10743	763.64
10744	762.49
10745	762.04
10746	761.56
10747	761.07
10748	762.06
10749	763.18
10750	762.26
10751	761.81
10752	760.74
10753	762.4
10754	763.47
10755	763.08
10756	763.36
10757	763.77
10758	761.77
10759	762.76
10760	761.84
10761	762.26
10762	761.98
10763	761.7
10764	762.21
10765	761.57
10766	762.18
10767	762.4
10768	760.14
10769	759.35
10770	760.94
10771	760.3
10772	760.55
10773	760.06
10774	760.15
10775	758.96
10776	758.8
10777	760.5
10778	761.4
10779	760.43
10780	759.45
10781	760.05
10782	760.27
10783	760.6
10784	759.19
10785	759.59
10786	760.11
10787	760.46
10788	759.89
10789	760.02
10790	759.69
10791	759.88
10792	759.93
10793	760.7
10794	758.48
10795	759.48
10796	759.11
10797	758.82
10798	758.87
10799	759.39
10800	757.74
10801	759.86
10802	759.21
10803	757.46
10804	758.91
10805	757.78
10806	758.24
10807	759.8
10808	759.28
10809	757.58
10810	759.1
10811	758.9
10812	759.14
10813	758.95
10814	758.52
10815	758.61
10816	758.29
10817	759.79
10818	760.5
10819	759.68
10820	759.47
10821	758.52
10822	760.31
10823	759.35
10824	760.46
10825	759.63
10826	760.64
10827	759.73
10828	758.57
10829	759.59
10830	760.91
10831	760.69
10832	761.6
10833	760.95
10834	759.72
10835	762
10836	759.63
10837	761.6
10838	761.59
10839	760.53
10840	760.61
10841	761.21
10842	759.8
10843	759.66
10844	759.51
10845	760.39
10846	759.39
10847	759.42
10848	759.6
10849	759.39
10850	757.69
10851	759.3
10852	759.89
10853	760.62
10854	759.28
10855	758.66
10856	759.06
10857	758.44
10858	758.84
10859	759.29
10860	759.05
10861	761.1
10862	759.8
10863	759.21
10864	760.58
10865	760.59
10866	760.28
10867	760.99
10868	758.56
10869	760.8
10870	758.61
10871	758.45
10872	759.22
10873	759.29
10874	759.41
10875	759.36
10876	760.03
10877	760.5
10878	759.36
10879	759.62
10880	759.49
10881	758.8
10882	760.83
10883	760.32
10884	760.82
10885	760.29
10886	760.13
10887	760.49
10888	760
10889	762.89
10890	760.34
10891	760.18
10892	760.5
10893	761.09
10894	760.18
10895	760.05
10896	759.75
10897	760.43
10898	759.38
10899	759.07
10900	759.53
10901	759.72
10902	759.75
10903	758.4
10904	758.47
10905	759.58
10906	758.41
10907	759.06
10908	759.17
10909	758.43
10910	759.75
10911	758.28
10912	760.21
10913	759.56
10914	758.07
10915	758.3
10916	758.82
10917	758.03
10918	757.98
10919	758.83
10920	758.79
10921	759.25
10922	758.07
10923	757.87
10924	757.61
10925	758.58
10926	758.98
10927	758.23
10928	758.08
10929	758.69
10930	758.78
10931	757.49
10932	758.93
10933	758.63
10934	758.48
10935	758.73
10936	758.75
10937	758.27
10938	757.57
10939	757.26
10940	756.29
10941	756.98
10942	755.93
10943	756.75
10944	756.47
10945	756.07
10946	755.59
10947	755.03
10948	756.31
10949	756.28
10950	757.45
10951	757.23
10952	757.01
10953	755.67
10954	756.7
10955	757.1
10956	757.06
10957	756.02
10958	756.03
10959	756.65
10960	756.47
10961	756.09
10962	756.02
10963	756.15
10964	755.97
10965	756.6
10966	755.01
10967	756.04
10968	756.01
10969	755.4
10970	755.75
10971	756.88
10972	756.17
10973	756.28
10974	756.77
10975	754.76
10976	755.66
10977	756.1
10978	755.68
10979	754.83
10980	755.18
10981	754.64
10982	755.19
10983	755.75
10984	755.05
10985	755.92
10986	755.41
10987	755.98
10988	755.8
10989	757.28
10990	755.47
10991	756.34
10992	754.96
10993	756.45
10994	757.16
10995	757.62
10996	757.65
10997	757.34
10998	756.19
10999	756.9
11000	756.52
11001	757.62
11002	755.93
11003	756.33
11004	755.21
11005	755.28
11006	755.19
11007	755.39
11008	754.43
11009	754.61
11010	754.07
11011	754.75
11012	755.39
11013	754.03
11014	755.05
11015	754.85
11016	755.25
11017	754.84
11018	754.71
11019	753.87
11020	754.35
11021	753.64
11022	754.73
11023	754.4
11024	753.47
11025	754.21
11026	753.98
11027	754.94
11028	756.01
11029	753.98
11030	755.1
11031	754.31
11032	754.46
11033	754.6
11034	754.01
11035	755.33
11036	754.67
11037	754.01
11038	752.59
11039	753.12
11040	754.4
11041	753.43
11042	754.63
11043	755.35
11044	754.29
11045	754.33
11046	755.69
11047	755.29
11048	753.76
11049	756.87
11050	754.12
11051	754.69
11052	755.07
11053	754.65
11054	754.99
11055	755.93
11056	756.47
11057	754.93
11058	755.09
11059	754.66
11060	753.82
11061	754.69
11062	755.3
11063	753.74
11064	754.78
11065	753
11066	754.57
11067	753.5
11068	754.3
11069	755.75
11070	754.65
11071	754.79
11072	753.85
11073	754.31
11074	754.49
11075	752.74
11076	754.15
11077	753.15
11078	755.04
11079	755.4
11080	753.22
11081	755.21
11082	754.07
11083	755.19
11084	754.31
11085	754.63
11086	754.66
11087	755.18
11088	753.7
11089	755.23
11090	755.18
11091	754.83
11092	754.15
11093	755.77
11094	756.87
11095	755.62
11096	755.89
11097	755.52
11098	755.69
11099	754.59
11100	755.82
11101	755.49
11102	755.12
11103	755.8
11104	754.88
11105	753.89
11106	756.06
11107	754.24
11108	754.32
11109	755.2
11110	755.5
11111	753.71
11112	754.68
11113	754.52
11114	755.21
11115	753.75
11116	753.62
11117	753.81
11118	754.12
11119	753.55
11120	752.15
11121	753.07
11122	752.57
11123	752.47
11124	752.64
11125	753.96
11126	754.05
11127	752.93
11128	754.24
11129	754.54
11130	754.16
11131	752.87
11132	753.79
11133	751.15
11134	751.65
11135	753.55
11136	753.03
11137	753.32
11138	752.82
11139	753.85
11140	752.29
11141	753.52
11142	752.19
11143	752.37
11144	753.75
11145	752.57
11146	752.15
11147	751.87
11148	751.66
11149	751.84
11150	753.55
11151	751.77
11152	752.77
11153	751.99
11154	750.03
11155	750.44
11156	750.89
11157	750.96
11158	751.01
11159	751.36
11160	749.88
11161	750.43
11162	751.32
11163	749.97
11164	750.75
11165	749.45
11166	750.54
11167	751.08
11168	751.64
11169	753.39
11170	752.92
11171	751.95
11172	751.88
11173	752.64
11174	752.04
11175	754.45
11176	751.53
11177	752.36
11178	752.15
11179	752.16
11180	751.52
11181	751.6
11182	751.02
11183	751.76
11184	751.42
11185	752.43
11186	751.48
11187	751.62
11188	751.36
11189	750.65
11190	750.7
11191	751.76
11192	751.82
11193	752.43
11194	751.67
11195	751.96
11196	751.34
11197	750.92
11198	750.52
11199	752.36
11200	752.45
11201	751.78
11202	750.1
11203	751.88
11204	751.58
11205	752
11206	750.69
11207	749.75
11208	750.07
11209	750.42
11210	749.82
11211	751.03
11212	751.7
11213	748.65
11214	750.98
11215	749.12
11216	749.43
11217	749.54
11218	749.47
11219	748.75
11220	750.81
11221	749.73
11222	749.25
11223	749.93
11224	749.04
11225	749
11226	749.17
11227	748.99
11228	749.04
11229	749.18
11230	749.33
11231	747.65
11232	747.85
11233	747.59
11234	749.11
11235	747.07
11236	747.74
11237	748.39
11238	747.88
11239	748.27
11240	748.22
11241	748.5
11242	748.19
11243	747.16
11244	749.06
11245	747.65
11246	747.25
11247	746.97
11248	748.06
11249	746.95
11250	746.98
11251	747.8
11252	748.29
11253	747.25
11254	747.7
11255	746.9
11256	746.59
11257	748.02
11258	746.48
11259	747.59
11260	747.82
11261	746.82
11262	748.86
11263	748.43
11264	747.38
11265	747.54
11266	748.37
11267	748.01
11268	746.63
11269	746.84
11270	747.48
11271	747.51
11272	747.46
11273	747.16
11274	748.23
11275	747.12
11276	747.65
11277	746.67
11278	746.96
11279	746.57
11280	746.53
11281	746.68
11282	746.5
11283	747.09
11284	746.79
11285	747.82
11286	746.88
11287	746.65
11288	747.31
11289	746.1
11290	747
11291	746.35
11292	745.91
11293	747.49
11294	747.49
11295	746.75
11296	746
11297	745.25
11298	745.98
11299	746.52
11300	746.8
11301	747.23
11302	745.56
11303	746.28
11304	745.48
11305	747.77
11306	745.44
11307	745.92
11308	746.58
11309	747.3
11310	746.17
11311	745.59
11312	745.14
11313	746.06
11314	745.25
11315	747.07
11316	746.34
11317	746.75
11318	746.1
11319	746.36
11320	746.31
11321	746.59
11322	747
11323	746.89
11324	746.34
11325	745.4
11326	744.41
11327	747.59
11328	745.23
11329	745.06
11330	745.34
11331	746.17
11332	744.62
11333	747.07
11334	745.55
11335	745.83
11336	745.59
11337	745.56
11338	745.16
11339	746.13
11340	745.24
11341	744.81
11342	745.74
11343	746.61
11344	745.21
11345	746.74
11346	745.61
11347	746.76
11348	746.86
11349	745.79
11350	745.84
11351	746.33
11352	746.63
11353	746.64
11354	746.8
11355	746.04
11356	747.22
11357	747.27
11358	746.62
11359	747.9
11360	747.71
11361	747.15
11362	747.41
11363	746.13
11364	746.53
11365	747.25
11366	745.15
11367	745
11368	746.2
11369	747.33
11370	746.05
11371	746.54
11372	746.45
11373	746.56
11374	747.11
11375	746.42
11376	746.76
11377	746.41
11378	746.8
11379	746.34
11380	748.26
11381	747.39
11382	746.99
11383	747.41
11384	746.03
11385	746.61
11386	745.49
11387	745.61
11388	745.09
11389	745.55
11390	745.84
11391	748.4
11392	746.17
11393	745.08
11394	746.5
11395	745.69
11396	746.93
11397	747.09
11398	747.47
11399	745.4
11400	747.47
11401	746.04
11402	747.74
11403	747.62
11404	746.48
11405	746.7
11406	746.29
11407	746.52
11408	746.24
11409	745.84
11410	746.76
11411	747.48
11412	745.06
11413	746.9
11414	745.08
11415	744.52
11416	745.99
11417	746.75
11418	745.38
11419	745.19
11420	744.85
11421	745.5
11422	746.02
11423	745.11
11424	744.29
11425	745.14
11426	745.09
11427	743.78
11428	743.72
11429	743.25
11430	744.15
11431	744.97
11432	744.09
11433	744.3
11434	744.05
11435	744.68
11436	742.83
11437	743.17
11438	743.24
11439	742.67
11440	742.07
11441	742.74
11442	745.9
11443	742.97
11444	744.27
11445	744.91
11446	742.16
11447	743.14
11448	743.41
11449	742.72
11450	742.64
11451	742.68
11452	743.01
11453	743.45
11454	742.91
11455	741.45
11456	742.48
11457	742.33
11458	742.64
11459	742.49
11460	742.64
11461	743.03
11462	742.64
11463	742.85
11464	743
11465	742.92
11466	742.63
11467	742.82
11468	742.65
11469	742.05
11470	743.63
11471	744.17
11472	743.46
11473	744.37
11474	744.6
11475	742.96
11476	742.03
11477	742.59
11478	743.07
11479	743.11
11480	742.23
11481	744.93
11482	742.84
11483	742.16
11484	742.87
11485	742.27
11486	742.8
11487	743.4
11488	743.74
11489	743.76
11490	743.98
11491	744.31
11492	744.97
11493	744.8
11494	744.26
11495	744.13
11496	743.67
11497	743.44
11498	743.18
11499	743.29
11500	743.05
11501	741.93
11502	742.78
11503	744.04
11504	742.52
11505	743.17
11506	742.56
11507	742.51
11508	743.9
11509	743.86
11510	743.88
11511	743.8
11512	744.68
11513	744.97
11514	743.74
11515	743.46
11516	742.57
11517	743.87
11518	743.54
11519	742.97
11520	743.32
11521	743.7
11522	743.36
11523	742.92
11524	745.79
11525	743.74
11526	743.15
11527	742.8
11528	741.58
11529	742.34
11530	743.53
11531	743.09
11532	742.51
11533	742.76
11534	743.4
11535	743.41
11536	743.46
11537	743.53
11538	744.18
11539	743.91
11540	743.69
11541	743.31
11542	743.63
11543	742.9
11544	744.71
11545	743.24
11546	743.5
11547	742.99
11548	743.86
11549	742.29
11550	743.91
11551	743.83
11552	742.86
11553	745.69
11554	743.2
11555	743.24
11556	744.26
11557	744.75
11558	743.58
11559	743.33
11560	743.39
11561	745.03
11562	743.97
11563	744.5
11564	744.16
11565	743.93
11566	744.78
11567	743.79
11568	744.11
11569	744.16
11570	744.63
11571	743.64
11572	744.07
11573	744.07
11574	744.44
11575	745.44
11576	745.04
11577	744.61
11578	744.3
11579	744.56
11580	745.18
11581	745.66
11582	744.65
11583	744.84
11584	743.93
11585	744.48
11586	744.77
11587	743.93
11588	744.96
11589	744.06
11590	743.88
11591	744.81
11592	743.46
11593	745.01
11594	743.2
11595	745.09
11596	743.14
11597	743.99
11598	742.88
11599	743.92
11600	744.74
11601	743.68
11602	742.72
11603	745.58
11604	743.16
11605	743.83
11606	743.91
11607	743.21
11608	742.87
11609	742.1
11610	742.91
11611	742.67
11612	742.47
11613	742
11614	742.75
11615	744.42
11616	743.07
11617	743.09
11618	741.85
11619	744.16
11620	741.95
11621	742.19
11622	743.1
11623	742.5
11624	741.81
11625	743.44
11626	742.73
11627	741.5
11628	742.3
11629	741.94
11630	742.21
11631	741.82
11632	742.45
11633	743.57
11634	742.41
11635	741.8
11636	741.48
11637	742.12
11638	741.32
11639	742.75
11640	742.17
11641	742.47
11642	743.02
11643	741.3
11644	743.43
11645	740.98
11646	741.16
11647	741.41
11648	741.97
11649	744.47
11650	741.21
11651	741.5
11652	740.58
11653	741.38
11654	741.48
11655	741.43
11656	742.28
11657	741.17
11658	741.51
11659	742.2
11660	742.11
11661	740.97
11662	741.75
11663	743.09
11664	741.43
11665	741.53
11666	742.82
11667	741.39
11668	740.86
11669	742.2
11670	741.08
11671	741.09
11672	741.47
11673	742.07
11674	741.54
11675	743.25
11676	741.79
11677	741.56
11678	741.58
11679	741.5
11680	740.61
11681	740.76
11682	741.73
11683	741.75
11684	741.83
11685	742.95
11686	741.76
11687	742.39
11688	740.61
11689	744.03
11690	741.94
11691	743.16
11692	742.66
11693	741.97
11694	742.01
11695	742.02
11696	742.22
11697	741.57
11698	740.26
11699	741.99
11700	742
11701	742.76
11702	740.85
11703	741.29
11704	741
11705	741.65
11706	741.26
11707	740.97
11708	740.91
11709	740.02
11710	740.16
11711	740.17
11712	740.46
11713	739.85
11714	741.72
11715	740.32
11716	741.15
11717	741.82
11718	742.23
11719	741.07
11720	741.87
11721	741.71
11722	741.84
11723	740.22
11724	741.97
11725	741.47
11726	741.83
11727	740.62
11728	741.43
11729	740.62
11730	740.52
11731	740.85
11732	742.8
11733	741.46
11734	741.91
11735	740.93
11736	742.03
11737	740.88
11738	741.68
11739	740.8
11740	740.53
11741	740.29
11742	740.94
11743	740.46
11744	740.87
11745	741.8
11746	740.04
11747	739.75
11748	740.52
11749	741.32
11750	739.88
11751	739.42
11752	740.57
11753	739.31
11754	740.13
11755	739.04
11756	739.79
11757	738.55
11758	738.78
11759	738.69
11760	739.24
11761	738.71
11762	739.76
11763	738.79
11764	738.64
11765	739.45
11766	739.86
11767	739.73
11768	738.43
11769	740.27
11770	739.52
11771	739.29
11772	738.05
11773	738.73
11774	738.62
11775	738.91
11776	738.23
11777	737.07
11778	737.94
11779	738.66
11780	738.92
11781	738.9
11782	738.03
11783	738.72
11784	738.53
11785	737.53
11786	738.56
11787	739.07
11788	739.15
11789	738.59
11790	739.78
11791	737.95
11792	738.22
11793	737.25
11794	737.32
11795	737.9
11796	737.9
11797	736.52
11798	737.31
11799	737.93
11800	738.04
11801	736.5
11802	737.55
11803	738.94
11804	737.47
11805	737.43
11806	736.56
11807	736.37
11808	737.19
11809	737.67
11810	737.9
11811	737.31
11812	737.59
11813	737.55
11814	737.53
11815	738.24
11816	736.77
11817	736.5
11818	735.98
11819	736.67
11820	737.47
11821	735.93
11822	737.11
11823	736.91
11824	736.65
11825	737.63
11826	737.64
11827	737.39
11828	737.8
11829	737.64
11830	737.11
11831	737.97
11832	738.3
11833	736.5
11834	736.6
11835	737.21
11836	736.97
11837	737.2
11838	737.88
11839	736.89
11840	737.72
11841	737.53
11842	737.67
11843	737.29
11844	737.16
11845	735.9
11846	737.46
11847	736.6
11848	736.84
11849	737.36
11850	736.57
11851	736.29
11852	737.1
11853	736.9
11854	736.86
11855	737.45
11856	736.66
11857	737.63
11858	738.47
11859	738.1
11860	739.01
11861	738.01
11862	737.3
11863	737.9
11864	736.89
11865	737.06
11866	738.3
11867	737.09
11868	737.79
11869	736.64
11870	738.02
11871	737.55
11872	738.75
11873	736.87
11874	740.25
11875	738.85
11876	738.19
11877	738.64
11878	737.63
11879	737.37
11880	739.37
11881	739.7
11882	739.42
11883	740.71
11884	738.52
11885	738.44
11886	737.45
11887	738.98
11888	738.08
11889	739.11
11890	739.52
11891	739.03
11892	738.59
11893	739.22
11894	738.56
11895	737.93
11896	738.62
11897	737.68
11898	739.54
11899	737.6
11900	738.88
11901	737.73
11902	739.14
11903	738.15
11904	738.42
11905	739.45
11906	739.11
11907	738.72
11908	739.78
11909	739.89
11910	739.32
11911	739.48
11912	739.62
11913	738.78
11914	738.81
11915	738.88
11916	739.55
11917	738.8
11918	738.25
11919	739.51
11920	739.51
11921	738.82
11922	739.76
11923	739.33
11924	738.95
11925	739.5
11926	738.85
11927	739.99
11928	738.67
11929	737.46
11930	737.95
11931	738.49
11932	737.23
11933	738.54
11934	738.09
11935	739.07
11936	739.37
11937	739.3
11938	738.9
11939	739.21
11940	738.31
11941	738.14
11942	738.47
11943	737.64
11944	738.74
11945	738.78
11946	738.03
11947	739.09
11948	738.25
11949	738.54
11950	738
11951	737.23
11952	738.21
11953	736.78
11954	739.6
11955	737.04
11956	736.96
11957	737.36
11958	737.26
11959	737.19
11960	737.49
11961	737.93
11962	736.73
11963	736.97
11964	737.7
11965	738.11
11966	737.94
11967	738.65
11968	737.62
11969	738.25
11970	737.45
11971	738.21
11972	737.81
11973	736.91
11974	739.14
11975	738.78
11976	740.18
11977	740.43
11978	740.84
11979	740.45
11980	738.73
11981	737.96
11982	738.05
11983	738.22
11984	739.05
11985	739.94
11986	739.05
11987	739.25
11988	740.21
11989	739.15
11990	738.94
11991	740.88
11992	740.54
11993	740.14
11994	739.11
11995	739.46
11996	739.05
11997	739.49
11998	738.82
11999	738.53
12000	738.31
12001	739.42
12002	739.19
12003	739.58
12004	741.07
12005	739.54
12006	739.37
12007	739.7
12008	738.84
12009	739.08
12010	739.03
12011	739.17
12012	739.47
12013	739.94
12014	739.72
12015	738.7
12016	738.15
12017	738.46
12018	739.41
12019	740.32
12020	739.41
12021	739.37
12022	739.72
12023	739.03
12024	739.19
12025	738.83
12026	739.3
12027	738.82
12028	738.88
12029	737.32
12030	737.75
12031	739.03
12032	738.02
12033	738.32
12034	738.49
12035	739.61
12036	739.45
12037	738.38
12038	738.59
12039	739.13
12040	738.56
12041	738.21
12042	739.12
12043	738.89
12044	739.3
12045	738.05
12046	738.6
12047	737.68
12048	737.9
12049	736.84
12050	737.96
12051	737.07
12052	737.21
12053	737.97
12054	737.87
12055	738.5
12056	737.7
12057	738.19
12058	737.22
12059	738.42
12060	736.19
12061	736.05
12062	736.19
12063	737.89
12064	735.83
12065	736.39
12066	736.56
12067	737.39
12068	734.83
12069	736.97
12070	735.99
12071	736.75
12072	736.52
12073	736.9
12074	737.56
12075	737.56
12076	735.46
12077	737.9
12078	736.06
12079	736.3
12080	736.95
12081	735.64
12082	736.34
12083	736.7
12084	737.11
12085	737.16
12086	736.22
12087	735.26
12088	735.17
12089	736.04
12090	736.72
12091	736.92
12092	736.68
12093	736.49
12094	736.78
12095	735.28
12096	735.62
12097	736.78
12098	736.81
12099	736.88
12100	736.8
12101	736.56
12102	737.28
12103	737.76
12104	737.53
12105	737.8
12106	737.66
12107	737.71
12108	737.12
12109	737.28
12110	737.24
12111	738.3
12112	738.84
12113	739.43
12114	737.99
12115	737.43
12116	738.09
12117	738.51
12118	737.68
12119	737.57
12120	737.55
12121	738.27
12122	736.64
12123	737.37
12124	737.35
12125	737.4
12126	736.59
12127	738.4
12128	736.89
12129	739.5
12130	737.2
12131	737.34
12132	737.19
12133	737.83
12134	738.01
12135	736.47
12136	739.46
12137	738.27
12138	737.05
12139	737.1
12140	738
12141	737.29
12142	737.16
12143	736.67
12144	736.71
12145	737.14
12146	736.33
12147	736.18
12148	736.26
12149	737.64
12150	737.03
12151	737.45
12152	736.58
12153	737.78
12154	737.17
12155	735.97
12156	737.29
12157	735.99
12158	736.15
12159	736.21
12160	736.38
12161	735.65
12162	736.32
12163	737.38
12164	735.2
12165	736.19
12166	735.96
12167	737.27
12168	736
12169	734.59
12170	735.32
12171	735.78
12172	733.81
12173	734.23
12174	736.34
12175	735.73
12176	735.73
12177	735.27
12178	734.76
12179	734.33
12180	733.62
12181	733.75
12182	733.19
12183	734.9
12184	732.63
12185	735.58
12186	734
12187	733.66
12188	733.94
12189	733.35
12190	733.1
12191	733.53
12192	734.43
12193	732.99
12194	734.97
12195	733.63
12196	733.6
12197	732.94
12198	734.53
12199	733.98
12200	733.95
12201	733.1
12202	733.96
12203	734.35
12204	733.52
12205	732.75
12206	732.95
12207	733.95
12208	732.84
12209	733.43
12210	733.71
12211	733.24
12212	732.24
12213	734.61
12214	733
12215	734.4
12216	734.25
12217	733.43
12218	732.94
12219	732.89
12220	732.64
12221	731.51
12222	732.82
12223	732.83
12224	733.35
12225	733.12
12226	731.64
12227	731.9
12228	732.62
12229	731.74
12230	732.22
12231	731.99
12232	732.02
12233	731.96
12234	730.4
12235	731.32
12236	731.71
12237	731.62
12238	732.12
12239	731.12
12240	730.92
12241	731.51
12242	732.16
12243	731.02
12244	732.38
12245	732.16
12246	732.16
12247	733.22
12248	733.46
12249	732.57
12250	731.54
12251	731.19
12252	731.89
12253	731.68
12254	731.91
12255	731.21
12256	731.44
12257	732.72
12258	732.76
12259	731.99
12260	732.06
12261	731.71
12262	732.8
12263	732.86
12264	732.06
12265	732.32
12266	734.17
12267	731.61
12268	732.33
12269	733.66
12270	732.67
12271	733.72
12272	732.81
12273	733.45
12274	732.33
12275	734.05
12276	733.18
12277	733.3
12278	735.27
12279	733.14
12280	733.72
12281	733.98
12282	732.55
12283	733.89
12284	733.03
12285	733.33
12286	734.08
12287	734.02
12288	734.57
12289	734.69
12290	733.21
12291	734.72
12292	735.51
12293	734.81
12294	733.17
12295	734.41
12296	733.04
12297	735.42
12298	733
12299	733.32
12300	733.74
12301	733.9
12302	731.93
12303	731.32
12304	732.49
12305	731.72
12306	732.07
12307	731.93
12308	731.25
12309	732.61
12310	731.72
12311	731.58
12312	731.83
12313	730.3
12314	731.87
12315	732.12
12316	732.26
12317	732.19
12318	731.16
12319	732.51
12320	731.29
12321	731.61
12322	730.54
12323	729.96
12324	729.47
12325	730.99
12326	730.2
12327	730.71
12328	730.71
12329	728.85
12330	729.52
12331	730.22
12332	730.86
12333	731.18
12334	730.86
12335	730.19
12336	730.96
12337	729.69
12338	729.93
12339	729.66
12340	730.33
12341	729.59
12342	728.97
12343	730
12344	729.59
12345	731.79
12346	730.07
12347	730.29
12348	730.45
12349	730.07
12350	730.7
12351	729.21
12352	729.84
12353	730.85
12354	730.88
12355	731.11
12356	730.72
12357	731.41
12358	731.43
12359	731.39
12360	730.25
12361	731.31
12362	730.26
12363	730.85
12364	730.56
12365	731.16
12366	731.92
12367	731.76
12368	729.53
12369	729.63
12370	728.8
12371	730.8
12372	731.95
12373	731.5
12374	729.76
12375	730.06
12376	729.55
12377	730.06
12378	730.39
12379	730.52
12380	730.22
12381	730.49
12382	730.26
12383	729.65
12384	730.5
12385	730.39
12386	730.68
12387	731.49
12388	731.79
12389	730.47
12390	730.43
12391	730.93
12392	730.9
12393	729.46
12394	730.09
12395	730.68
12396	730.05
12397	730.4
12398	730.18
12399	729.27
12400	729.51
12401	730.92
12402	729.72
12403	730.23
12404	731.57
12405	730.86
12406	731.6
12407	731.68
12408	732.79
12409	731.94
12410	732.35
12411	730.56
12412	732.04
12413	731.56
12414	730.83
12415	730.9
12416	732.4
12417	730.47
12418	730.76
12419	730.69
12420	730.74
12421	730.26
12422	730.65
12423	730.13
12424	730.62
12425	731.2
12426	730.85
12427	731.15
12428	732.4
12429	730.11
12430	729.86
12431	729.47
12432	731.2
12433	731.24
12434	731.07
12435	731.46
12436	732.96
12437	730.79
12438	731.63
12439	731.79
12440	730.47
12441	730.86
12442	731.29
12443	731.7
12444	732.24
12445	731.22
12446	731.74
12447	730.64
12448	731.99
12449	732.58
12450	732.01
12451	732.53
12452	732.43
12453	732.17
12454	730.6
12455	731.3
12456	731.71
12457	731.25
12458	730.92
12459	731.46
12460	731.06
12461	731.58
12462	731.65
12463	731.8
12464	732.73
12465	729.87
12466	730.31
12467	730.83
12468	731.73
12469	732.28
12470	731.24
12471	730.77
12472	732.47
12473	733.07
12474	731.27
12475	731.6
12476	731.74
12477	731.25
12478	731.52
12479	730.76
12480	731.75
12481	731.72
12482	731.49
12483	731.67
12484	731.59
12485	731.62
12486	732.19
12487	730.72
12488	732.42
12489	731.99
12490	731.28
12491	732.01
12492	732.17
12493	731.89
12494	730.38
12495	732.12
12496	731.65
12497	731.23
12498	733
12499	731.16
12500	731.83
12501	732.45
12502	732.39
12503	732.57
12504	733.96
12505	732.83
12506	732.68
12507	731.72
12508	732
12509	733.52
12510	732.6
12511	732.48
12512	731.9
12513	732.15
12514	731.37
12515	731.77
12516	731.71
12517	731.27
12518	731.2
12519	732.01
12520	731.54
12521	731.63
12522	731.35
12523	730.93
12524	730.77
12525	729.38
12526	730.47
12527	730.06
12528	730.21
12529	731.18
12530	731.1
12531	730.66
12532	729.58
12533	730.17
12534	731.79
12535	730.6
12536	730.38
12537	731.61
12538	730.74
12539	730.35
12540	730.08
12541	731.22
12542	730.88
12543	729.89
12544	730.86
12545	731.5
12546	730.56
12547	730.39
12548	730.25
12549	730.93
12550	731.19
12551	730.71
12552	732.19
12553	730.63
12554	730.54
12555	731.3
12556	730.9
12557	731.5
12558	731.19
12559	730.42
12560	730.31
12561	731.04
12562	729.39
12563	730.6
12564	730.26
12565	730.98
12566	730.67
12567	730.81
12568	729.12
12569	729.71
12570	729.69
12571	728.82
12572	729.07
12573	729.45
12574	730.06
12575	729.34
12576	728.91
12577	729.48
12578	728.78
12579	728.9
12580	729.74
12581	728.16
12582	728.18
12583	729.8
12584	728.71
12585	727.29
12586	728.27
12587	728.24
12588	727.59
12589	728.6
12590	729.08
12591	728.23
12592	728.68
12593	729.08
12594	729.29
12595	728.98
12596	728.89
12597	729.13
12598	728.86
12599	727.64
12600	727.78
12601	728.74
12602	727.38
12603	728.49
12604	727.62
12605	728.51
12606	726.3
12607	727.5
12608	726.55
12609	727
12610	726.75
12611	727.64
12612	725.95
12613	727.06
12614	726.47
12615	726.15
12616	724.45
12617	725.27
12618	725.69
12619	724.78
12620	724.93
12621	726.39
12622	724.59
12623	725.22
12624	726.33
12625	725.98
12626	725.75
12627	724.57
12628	724.69
12629	725.88
12630	725.15
12631	725.97
12632	725.13
12633	725.54
12634	724.87
12635	724.72
12636	726.66
12637	724.86
12638	725.62
12639	724.75
12640	725.21
12641	724.57
12642	724.79
12643	725.04
12644	724.11
12645	725.95
12646	725.38
12647	724.83
12648	726.03
12649	724.76
12650	725.53
12651	724.44
12652	724.25
12653	725.36
12654	726.8
12655	724.97
12656	724.94
12657	724.2
12658	725.97
12659	725.99
12660	725.38
12661	726.04
12662	726.25
12663	725.64
12664	726.31
12665	724.58
12666	725.86
12667	725.54
12668	724.64
12669	727.32
12670	726.76
12671	726.34
12672	725.85
12673	725.96
12674	726.3
12675	725.71
12676	726.35
12677	725.84
12678	725.54
12679	725.52
12680	726.49
12681	725.44
12682	725.62
12683	725.23
12684	723.98
12685	724.53
12686	724.56
12687	725.24
12688	724.37
12689	724.91
12690	726.32
12691	724.65
12692	726.12
12693	725.8
12694	724.74
12695	725.74
12696	725.52
12697	725.38
12698	725.75
12699	723.59
12700	725.17
12701	723.95
12702	725.08
12703	724.21
12704	723.34
12705	724.04
12706	725.5
12707	723.78
12708	724.47
12709	723.7
12710	723.8
12711	724.35
12712	724.96
12713	726.49
12714	724.29
12715	724.59
12716	724.49
12717	724.59
12718	724.63
12719	724.27
12720	724.21
12721	724.43
12722	724.07
12723	722.82
12724	724.56
12725	724
12726	724.3
12727	723.02
12728	722.65
12729	724.11
12730	723.59
12731	723.53
12732	724.93
12733	725.13
12734	723.59
12735	725.73
12736	724.85
12737	724.06
12738	724.54
12739	724.42
12740	724.71
12741	724.82
12742	724.84
12743	724.56
12744	725.62
12745	725.01
12746	725.82
12747	724.49
12748	725.1
12749	725.24
12750	723.34
12751	723.97
12752	723.24
12753	723.46
12754	723.64
12755	723.87
12756	723.1
12757	723.28
12758	723.87
12759	723.96
12760	723.38
12761	723.06
12762	722.73
12763	725.07
12764	722.77
12765	723.8
12766	722.91
12767	723.04
12768	723.19
12769	723.93
12770	723.1
12771	724.89
12772	723.95
12773	723.41
12774	722.77
12775	722.81
12776	722.73
12777	723.9
12778	723.46
12779	724.71
12780	723
12781	724.36
12782	722.73
12783	722.21
12784	723.02
12785	723.02
12786	723.41
12787	723.58
12788	723.11
12789	722.66
12790	723.04
12791	722.52
12792	722.99
12793	722
12794	724.36
12795	723.87
12796	722.41
12797	722.57
12798	722.92
12799	724.58
12800	722.51
12801	723.05
12802	722.16
12803	723.77
12804	723.32
12805	722.4
12806	724.96
12807	722.37
12808	724.62
12809	722.65
12810	721.96
12811	722.09
12812	721.82
12813	723.32
12814	723.77
12815	722.13
12816	722.59
12817	723.31
12818	722.78
12819	722.93
12820	722.06
12821	722.47
12822	723.59
12823	722.77
12824	723.39
12825	722.17
12826	722.78
12827	722.34
12828	721.97
12829	722.99
12830	723.98
12831	724.37
12832	722.76
12833	723.28
12834	723.75
12835	721.83
12836	723.34
12837	721.77
12838	722.39
12839	724.35
12840	724.56
12841	722.73
12842	724.05
12843	723.56
12844	723.52
12845	723.81
12846	722.94
12847	724
12848	722.92
12849	723.01
12850	724.64
12851	722.3
12852	723.79
12853	722.59
12854	723.64
12855	722.69
12856	723.26
12857	722.33
12858	723.2
12859	722.13
12860	723.83
12861	722.68
12862	723.43
12863	722.39
12864	724.49
12865	723.65
12866	724.6
12867	723.58
12868	723.79
12869	722.82
12870	724.45
12871	723.39
12872	722.98
12873	722.81
12874	724.61
12875	723.81
12876	722.79
12877	723.29
12878	723.42
12879	724.52
12880	722.59
12881	723.03
12882	724.45
12883	722.68
12884	722.78
12885	724.25
12886	721.94
12887	723.35
12888	723.18
12889	723.83
12890	722.1
12891	722.21
12892	723.51
12893	722.21
12894	723.52
12895	723.11
12896	722.52
12897	723.71
12898	722.73
12899	723.31
12900	722.22
12901	722.44
12902	723.91
12903	721.98
12904	722.3
12905	722.54
12906	722.44
12907	721.79
12908	722.96
12909	722.66
12910	721.53
12911	722.26
12912	723.6
12913	722.31
12914	722.66
12915	721.77
12916	721.22
12917	721.28
12918	722.59
12919	722.04
12920	721.81
12921	720.11
12922	722.36
12923	721.34
12924	722.5
12925	721.62
12926	722.61
12927	721.32
12928	722.82
12929	722.03
12930	722.74
12931	722.77
12932	722.37
12933	723.86
12934	723.39
12935	723.25
12936	723.56
12937	723.5
12938	722.97
12939	723.89
12940	723.04
12941	723.04
12942	723.46
12943	722.65
12944	722.5
12945	722.97
12946	722.41
12947	724.12
12948	724.9
12949	723.48
12950	723.74
12951	723.65
12952	722.91
12953	724.2
12954	723.6
12955	722.56
12956	723.43
12957	722.73
12958	722.84
12959	723.35
12960	722.11
12961	722.31
12962	721.74
12963	723.28
12964	722.79
12965	722.4
12966	722.42
12967	723.54
12968	723.93
12969	722.28
12970	723.27
12971	723.15
12972	724.09
12973	724.32
12974	724.98
12975	723.32
12976	724.03
12977	722.73
12978	723.15
12979	723.8
12980	722.03
12981	722.5
12982	721.32
12983	723.01
12984	722.44
12985	722.06
12986	723.46
12987	724.11
12988	722.2
12989	723.16
12990	721.74
12991	723.63
12992	721.89
12993	721
12994	721.76
12995	721.84
12996	721.86
12997	722.26
12998	721.87
12999	721.88
13000	720.99
13001	720.98
13002	721.63
13003	720.68
13004	720.98
13005	720.83
13006	721.14
13007	721.46
13008	721.3
13009	720.23
13010	720.52
13011	721.74
13012	721.08
13013	720.19
13014	720.74
13015	721.58
13016	720.3
13017	720.6
13018	720.39
13019	722.78
13020	720.04
13021	719.76
13022	719.47
13023	721.75
13024	719.39
13025	721.49
13026	721.24
13027	719.52
13028	719.83
13029	719.94
13030	718.23
13031	718.04
13032	718.92
13033	717.84
13034	719.63
13035	718.53
13036	718.85
13037	718.29
13038	718.29
13039	718.58
13040	718.56
13041	720.49
13042	719.09
13043	718.74
13044	718.83
13045	718.67
13046	718.16
13047	719.89
13048	719.22
13049	718.51
13050	718.38
13051	718.7
13052	717.65
13053	718.57
13054	718.11
13055	719.57
13056	719.21
13057	717.58
13058	719.05
13059	718.65
13060	716.88
13061	717.77
13062	717.47
13063	717.87
13064	718.65
13065	717.81
13066	718.71
13067	718.68
13068	719.05
13069	717.23
13070	717.44
13071	718.15
13072	717.69
13073	717.64
13074	716.87
13075	716.98
13076	716.74
13077	717.01
13078	718.14
13079	716.55
13080	716.97
13081	717.92
13082	716.41
13083	715.79
13084	716.91
13085	715.33
13086	717.38
13087	716.35
13088	716.86
13089	716.34
13090	715.95
13091	716.27
13092	715.02
13093	715.5
13094	715.76
13095	716.46
13096	715.69
13097	715.32
13098	714.89
13099	716.24
13100	716.79
13101	715.87
13102	716.14
13103	715.24
13104	714.63
13105	715.35
13106	717.04
13107	714.59
13108	716.57
13109	715.69
13110	715.57
13111	715.66
13112	716.22
13113	716.42
13114	716.1
13115	715.65
13116	716.46
13117	714.97
13118	714.66
13119	715.5
13120	715.42
13121	716.46
13122	715.4
13123	715.64
13124	715.77
13125	715.79
13126	716.23
13127	715.57
13128	714.74
13129	714.3
13130	715.14
13131	715.67
13132	715.4
13133	716.14
13134	715.5
13135	715.25
13136	715
13137	715.31
13138	715.08
13139	715.19
13140	714.93
13141	713.44
13142	715.1
13143	715.86
13144	714.43
13145	715.89
13146	714.56
13147	716.05
13148	715.39
13149	716.05
13150	717.48
13151	714.42
13152	714.25
13153	715.61
13154	714.74
13155	715.37
13156	714.79
13157	715.28
13158	714.65
13159	714.47
13160	715.11
13161	714.87
13162	714.17
13163	714.32
13164	716.59
13165	715.25
13166	714.61
13167	714.91
13168	713.73
13169	715.27
13170	715.07
13171	713.14
13172	713.34
13173	713.09
13174	713.27
13175	712.42
13176	713.46
13177	714.06
13178	713.18
13179	714.24
13180	713.48
13181	713.96
13182	712.88
13183	712.63
13184	713.96
13185	712.38
13186	712.7
13187	713.78
13188	712.86
13189	713.79
13190	713.38
13191	712.65
13192	712.56
13193	711.83
13194	712.8
13195	712.37
13196	712.49
13197	712.71
13198	713.37
13199	712.54
13200	713.02
13201	711.34
13202	712.26
13203	713.19
13204	712.24
13205	712.15
13206	712.43
13207	712.4
13208	712.9
13209	713.29
13210	712.39
13211	711.33
13212	711.14
13213	711.5
13214	709.8
13215	711.8
13216	710.45
13217	710.48
13218	710.72
13219	710.95
13220	710.18
13221	710.25
13222	710.95
13223	711.08
13224	710.33
13225	709.22
13226	709.78
13227	710.05
13228	710.71
13229	710.47
13230	710.29
13231	710.13
13232	709.52
13233	710.83
13234	710.28
13235	709.53
13236	709.89
13237	710.64
13238	711
13239	709.43
13240	710.07
13241	709.27
13242	711.53
13243	709.77
13244	710.1
13245	710.15
13246	709.37
13247	709.38
13248	709.85
13249	709.69
13250	709.2
13251	708.51
13252	708.13
13253	708.89
13254	707.24
13255	708.28
13256	708.41
13257	707.12
13258	707.05
13259	708.3
13260	708.46
13261	706.83
13262	707.29
13263	707.38
13264	707.69
13265	707.45
13266	707.44
13267	707.31
13268	706.53
13269	706.78
13270	708.44
13271	707.09
13272	706.18
13273	706.46
13274	704.74
13275	706.75
13276	707.58
13277	705.87
13278	705.47
13279	706.18
13280	706.29
13281	707.02
13282	706.57
13283	706.89
13284	705.94
13285	707.48
13286	706.22
13287	706.41
13288	706.67
13289	705.95
13290	706.22
13291	706.87
13292	706.05
13293	704.51
13294	705.1
13295	706.81
13296	705.37
13297	705.93
13298	706.1
13299	706.15
13300	706.81
13301	706.27
13302	706.02
13303	705.04
13304	705.83
13305	705.83
13306	705.61
13307	706.76
13308	705.66
13309	705.43
13310	705.7
13311	706.8
13312	705.43
13313	708
13314	707.41
13315	705.79
13316	706.63
13317	706.48
13318	706.37
13319	706.6
13320	707.25
13321	706.58
13322	707.56
13323	707.99
13324	707.59
13325	706.65
13326	706.48
13327	706.93
13328	706.46
13329	706.96
13330	706.81
13331	706.76
13332	706.36
13333	706.9
13334	706.27
13335	705.79
13336	707.06
13337	707.51
13338	706.93
13339	707.4
13340	707.7
13341	706.88
13342	707.51
13343	709.08
13344	708.15
13345	708.57
13346	708.56
13347	707.41
13348	707.24
13349	707.97
13350	706.93
13351	708.16
13352	707.54
13353	707.22
13354	708.42
13355	708.37
13356	706.99
13357	707.33
13358	708.15
13359	706.04
13360	707.1
13361	707.17
13362	707.38
13363	706.74
13364	707.39
13365	707.46
13366	708
13367	707.06
13368	708.8
13369	707.84
13370	708.05
13371	707.53
13372	706.94
13373	707.19
13374	708.22
13375	707.85
13376	707.18
13377	709.04
13378	707.1
13379	707.31
13380	708.42
13381	707.84
13382	708.76
13383	708.71
13384	708.24
13385	709.72
13386	707.11
13387	707.68
13388	706.47
13389	706.57
13390	709.25
13391	707.06
13392	707.06
13393	708.43
13394	705.38
13395	706.9
13396	706.44
13397	707.95
13398	706.63
13399	706.38
13400	706.66
13401	705.55
13402	707.64
13403	706.78
13404	706.24
13405	707.58
13406	706.87
13407	707.03
13408	706.79
13409	707.42
13410	706.79
13411	706.3
13412	707.25
13413	707.3
13414	707.45
13415	706.07
13416	706.12
13417	706.97
13418	707.11
13419	706.96
13420	706.88
13421	706.36
13422	705.58
13423	706.08
13424	705.97
13425	707.36
13426	706.21
13427	705.63
13428	707.17
13429	707.63
13430	706.34
13431	706.35
13432	707.5
13433	707.02
13434	706.47
13435	707.1
13436	707.14
13437	707.05
13438	707.8
13439	708.21
13440	708.62
13441	707.47
13442	707.35
13443	707.98
13444	707.55
13445	707.24
13446	707.13
13447	708.72
13448	707.54
13449	706.42
13450	708.15
13451	708.45
13452	708.35
13453	707.8
13454	708.67
13455	706.92
13456	707.45
13457	707.76
13458	707.95
13459	707.41
13460	708.55
13461	708.21
13462	708.58
13463	708.77
13464	708.38
13465	708.81
13466	708.43
13467	709.41
13468	708.44
13469	708.41
13470	708.57
13471	709.2
13472	707.93
13473	709.79
13474	710.03
13475	708.26
13476	709.51
13477	710.44
13478	708.37
13479	708.45
13480	707.53
13481	708.77
13482	706.75
13483	709.15
13484	708.34
13485	707.83
13486	708.03
13487	706.46
13488	707.46
13489	708.99
13490	708.08
13491	709.46
13492	709.04
13493	708.8
13494	708.61
13495	709.43
13496	707.5
13497	707.64
13498	708.58
13499	707.01
13500	708.83
13501	708.33
13502	708.59
13503	708.45
13504	709.73
13505	708.36
13506	709.04
13507	709.16
13508	708.23
13509	706.79
13510	709.33
13511	709.42
13512	707.07
13513	708.72
13514	706.73
13515	707.56
13516	707.12
13517	706.92
13518	706.52
13519	706.44
13520	707.15
13521	707.18
13522	706.64
13523	706.09
13524	707.09
13525	706.02
13526	707.16
13527	707.24
13528	705.66
13529	706.91
13530	706.28
13531	707.13
13532	706.27
13533	705.7
13534	705.57
13535	705.69
13536	705.34
13537	706.55
13538	706.24
13539	706.62
13540	707.96
13541	706.06
13542	706.5
13543	707.38
13544	705.75
13545	705.55
13546	706.37
13547	705.81
13548	706.38
13549	706.44
13550	705.92
13551	705.53
13552	704.26
13553	706.79
13554	706.69
13555	705.94
13556	708.03
13557	706.37
13558	706.12
13559	705.57
13560	705.98
13561	705.48
13562	705.39
13563	706.19
13564	704.64
13565	704.67
13566	705.57
13567	705.38
13568	704.11
13569	704.92
13570	704.65
13571	705.56
13572	705.72
13573	704.92
13574	706.35
13575	705.54
13576	706.51
13577	706.99
13578	706.98
13579	704.53
13580	705.89
13581	705.92
13582	707.4
13583	704.98
13584	705.11
13585	705.26
13586	704.81
13587	705.94
13588	705.37
13589	706.51
13590	706.35
13591	705.39
13592	704.72
13593	705.22
13594	703.59
13595	705.31
13596	704.91
13597	704.37
13598	705.21
13599	704.46
13600	705.59
13601	705.17
13602	705.15
13603	704.16
13604	705.23
13605	704.28
13606	704.08
13607	704.55
13608	705.37
13609	704.46
13610	704.31
13611	704.32
13612	703.8
13613	704.96
13614	704.71
13615	704.94
13616	705.78
13617	703.83
13618	703.8
13619	703.78
13620	704.54
13621	704.18
13622	703.04
13623	704.39
13624	703.78
13625	704.56
13626	703.31
13627	702.28
13628	704.28
13629	703.18
13630	704.42
13631	703
13632	703.38
13633	704.55
13634	703.09
13635	703.34
13636	703.22
13637	703.21
13638	703.83
13639	703.71
13640	704.45
13641	705.77
13642	704.55
13643	705.28
13644	705.27
13645	705.56
13646	705.41
13647	705.55
13648	705.64
13649	705.8
13650	705.11
13651	705.74
13652	705.67
13653	706.52
13654	706.25
13655	708.42
13656	705.38
13657	705.84
13658	706.4
13659	705.97
13660	705.55
13661	705.76
13662	706.56
13663	704.75
13664	705.85
13665	706.54
13666	705.88
13667	707.12
13668	705.68
13669	706.06
13670	706.22
13671	705.56
13672	706.33
13673	706.76
13674	706.6
13675	707.74
13676	706.67
13677	705.9
13678	706.96
13679	707.38
13680	707.72
13681	707.09
13682	706.41
13683	705.53
13684	707.54
13685	705.95
13686	705.04
13687	705.92
13688	705.21
13689	705.66
13690	705.78
13691	706.65
13692	706
13693	705.69
13694	704.14
13695	706.58
13696	705.22
13697	705.72
13698	705.13
13699	705.41
13700	705.7
13701	706.1
13702	705.25
13703	705.47
13704	704.54
13705	705.66
13706	705.58
13707	705.14
13708	706.83
13709	705.35
13710	705.29
13711	704.78
13712	704.51
13713	705.63
13714	705.07
13715	707.12
13716	706.34
13717	706.32
13718	707.4
13719	707.17
13720	705.75
13721	706.05
13722	705.78
13723	706.19
13724	705.51
13725	707.22
13726	705.67
13727	705.45
13728	706.47
13729	706.37
13730	706.17
13731	705.85
13732	705.28
13733	704.94
13734	705.16
13735	705.44
13736	705.7
13737	705.55
13738	704.71
13739	706.06
13740	705.08
13741	705.55
13742	705.45
13743	704.16
13744	706.16
13745	703.89
13746	705.7
13747	704.2
13748	704.7
13749	704.57
13750	705.51
13751	706.22
13752	704.41
13753	704.67
13754	704.34
13755	705.33
13756	704.48
13757	704.02
13758	704.87
13759	703.28
13760	703.9
13761	704.62
13762	703.57
13763	704.49
13764	703.73
13765	705.27
13766	703.59
13767	703.45
13768	704.04
13769	703.59
13770	703.86
13771	705.74
13772	705.37
13773	703.28
13774	703.27
13775	703.35
13776	703.93
13777	704.4
13778	703.79
13779	704.14
13780	703.98
13781	703.15
13782	703.15
13783	704.11
13784	704.3
13785	704.46
13786	703.6
13787	703.21
13788	703.35
13789	704
13790	703.16
13791	702.58
13792	703.09
13793	702.69
13794	702.6
13795	702.84
13796	703.97
13797	703.14
13798	702.56
13799	703.13
13800	703.26
13801	703.05
13802	703.9
13803	703.95
13804	705.83
13805	703.61
13806	703.23
13807	702.68
13808	703.56
13809	704.24
13810	703.54
13811	703.63
13812	702.98
13813	704.42
13814	703.12
13815	704.42
13816	704.39
13817	703.16
13818	703.23
13819	703.55
13820	704.03
13821	703.47
13822	704.1
13823	703.87
13824	703.38
13825	703.21
13826	703.47
13827	701.85
13828	703.65
13829	703.33
13830	702.89
13831	703.09
13832	701.35
13833	702.92
13834	701.08
13835	702.35
13836	701.92
13837	701.36
13838	702.51
13839	701.14
13840	702.17
13841	701.89
13842	702.16
13843	702.91
13844	701.59
13845	702.09
13846	700.8
13847	702.72
13848	701.53
13849	702.48
13850	704.67
13851	701.66
13852	702.01
13853	702.37
13854	702.45
13855	701.15
13856	700.39
13857	701.31
13858	701.34
13859	701.21
13860	700.91
13861	700.98
13862	702.16
13863	701.05
13864	701.27
13865	702.12
13866	701.85
13867	702.15
13868	702.2
13869	702.8
13870	702.85
13871	702.72
13872	703.23
13873	702.39
13874	701.28
13875	701.92
13876	702.11
13877	701.14
13878	701.46
13879	702.27
13880	701.54
13881	702.69
13882	701.21
13883	702.82
13884	701.9
13885	701.47
13886	701.35
13887	701.18
13888	702.55
13889	701.91
13890	702.91
13891	701.74
13892	701.54
13893	702.11
13894	702.27
13895	702.42
13896	702.86
13897	702.04
13898	703.44
13899	703.24
13900	701.47
13901	702.65
13902	702.92
13903	703.33
13904	702.82
13905	702.67
13906	702.36
13907	702.05
13908	702.29
13909	702.85
13910	703.22
13911	702.15
13912	702.5
13913	703.06
13914	701.64
13915	701.7
13916	702.84
13917	701.05
13918	700.95
13919	702.79
13920	701.66
13921	702.66
13922	700.67
13923	700.12
13924	702.36
13925	700.22
13926	701
13927	700.96
13928	700.59
13929	700.89
13930	701.06
13931	700.36
13932	699.92
13933	700.64
13934	700.29
13935	699.54
13936	699.88
13937	700.75
13938	699.89
13939	701.23
13940	700.09
13941	701.4
13942	700.51
13943	699.86
13944	700.15
13945	699.91
13946	700.6
13947	699.22
13948	700.92
13949	700.98
13950	700.54
13951	699.34
13952	700.12
13953	699.63
13954	700.32
13955	699.81
13956	701.03
13957	701.2
13958	700.02
13959	700.59
13960	700.76
13961	700.15
13962	699.32
13963	700.36
13964	701.16
13965	701.3
13966	699.57
13967	700.15
13968	699.89
13969	701.08
13970	699.09
13971	700.4
13972	700.9
13973	699.8
13974	699.69
13975	700.03
13976	700.93
13977	700.26
13978	700.18
13979	699.93
13980	699.86
13981	699.67
13982	700.08
13983	699.15
13984	700.69
13985	699.96
13986	700.17
13987	700.39
13988	699.83
13989	700.64
13990	700.8
13991	700.83
13992	701.15
13993	700.03
13994	700.77
13995	700.45
13996	700.13
13997	700.28
13998	700.91
13999	700.26
14000	699.15
14001	700
14002	700.66
14003	700.57
14004	699.11
14005	700.71
14006	700.22
14007	700.23
14008	700.34
14009	700.45
14010	698.85
14011	698.32
14012	699.48
14013	699.23
14014	698.95
14015	701.51
14016	700.18
14017	699.97
14018	700.26
14019	701.07
14020	701.5
14021	698.66
14022	699.09
14023	700.6
14024	699.66
14025	699.4
14026	699.35
14027	699.68
14028	700.2
14029	698.75
14030	699.93
14031	700.22
14032	699.1
14033	699.1
14034	698.72
14035	700.42
14036	700.44
14037	700.04
14038	699.75
14039	699.54
14040	700.53
14041	699.86
14042	700.32
14043	701.28
14044	701.4
14045	701.54
14046	700.42
14047	700.97
14048	700.42
14049	700.87
14050	700.71
14051	700.77
14052	699.28
14053	699.81
14054	699.34
14055	700.71
14056	700.95
14057	700.66
14058	700.04
14059	700.06
14060	700.26
14061	700.76
14062	700.26
14063	700.17
14064	701.09
14065	699.73
14066	700.37
14067	699.97
14068	700.25
14069	698.4
14070	697.73
14071	700.46
14072	699.7
14073	700.58
14074	699.69
14075	699.05
14076	699.37
14077	699.29
14078	698.99
14079	698.77
14080	699.04
14081	698.7
14082	698.17
14083	698.77
14084	698.32
14085	699.43
14086	699.01
14087	698.45
14088	698.47
14089	699.28
14090	698.89
14091	697.94
14092	698.39
14093	700.44
14094	698.45
14095	698.28
14096	699.18
14097	697.43
14098	697.7
14099	698.55
14100	696.83
14101	697.89
14102	698.36
14103	697.08
14104	699.4
14105	698.83
14106	698.05
14107	697.33
14108	698.7
14109	697.08
14110	697.88
14111	698.77
14112	699.9
14113	697.42
14114	697.01
14115	698.14
14116	696.63
14117	696.13
14118	696.41
14119	698.06
14120	697.71
14121	696.04
14122	696.34
14123	697.52
14124	696.12
14125	695.95
14126	696.55
14127	696.41
14128	695.96
14129	695.57
14130	696.94
14131	696.78
14132	696.92
14133	696.64
14134	696.16
14135	696.65
14136	696.07
14137	695.94
14138	696.05
14139	696.28
14140	695.44
14141	695.83
14142	697.59
14143	696.3
14144	695.54
14145	696.17
14146	696.18
14147	696.45
14148	696.09
14149	697.15
14150	695.27
14151	695.67
14152	695.6
14153	696.06
14154	695.73
14155	696.37
14156	696.38
14157	696.44
14158	696.15
14159	695.39
14160	696.02
14161	695.27
14162	695.52
14163	696.37
14164	695.67
14165	696.38
14166	696.67
14167	695.32
14168	696.07
14169	695.77
14170	696.12
14171	695.43
14172	696.42
14173	695.92
14174	695.43
14175	695.29
14176	695.42
14177	696.43
14178	695.26
14179	696.17
14180	694.75
14181	695.15
14182	694.75
14183	695.11
14184	693.93
14185	695.06
14186	695.72
14187	694.17
14188	694.21
14189	694.12
14190	695.04
14191	695.13
14192	694.46
14193	694.54
14194	695.1
14195	692.9
14196	693.53
14197	693.44
14198	694.12
14199	694.39
14200	693.25
14201	693.74
14202	693.23
14203	694.03
14204	693.4
14205	693.4
14206	692.88
14207	692.75
14208	694.28
14209	693.29
14210	693.98
14211	691.83
14212	693.62
14213	694.28
14214	692.31
14215	694.18
14216	691.44
14217	693.02
14218	691.89
14219	693.88
14220	694.1
14221	693.12
14222	693.07
14223	694.02
14224	692.67
14225	693.72
14226	692.68
14227	693.14
14228	692.88
14229	693.26
14230	692.68
14231	693.39
14232	693.28
14233	693.29
14234	693.45
14235	694.17
14236	693.47
14237	693.94
14238	693.65
14239	694.15
14240	693.56
14241	693.71
14242	694.26
14243	693.7
14244	694.32
14245	692.77
14246	693.09
14247	694.61
14248	693.01
14249	692.54
14250	692.34
14251	692.51
14252	693.55
14253	692.7
14254	693.8
14255	694.48
14256	693.26
14257	693.57
14258	693.72
14259	692.22
14260	693.48
14261	693.28
14262	692.7
14263	691.41
14264	693.2
14265	692.34
14266	692.88
14267	694.57
14268	694.13
14269	691.59
14270	692.58
14271	693.11
14272	692
14273	691.6
14274	691.73
14275	691.65
14276	693.02
14277	692.49
14278	693.01
14279	691.57
14280	692.04
14281	690.84
14282	692.04
14283	692.45
14284	692.7
14285	691.29
14286	692.92
14287	692.22
14288	690.37
14289	693.31
14290	692.75
14291	691.53
14292	691.48
14293	692.06
14294	691.37
14295	693.47
14296	692.35
14297	692.41
14298	691.51
14299	693.35
14300	692.28
14301	692.47
14302	692.19
14303	693.39
14304	692.54
14305	692.45
14306	691.23
14307	691.86
14308	692.38
14309	692.64
14310	690.69
14311	692.57
14312	692.54
14313	694
14314	692.57
14315	693.54
14316	693.67
14317	693.71
14318	691.33
14319	693.34
14320	693.07
14321	692.09
14322	692.76
14323	693.66
14324	694.21
14325	693.83
14326	693.51
14327	693.67
14328	694.4
14329	693.35
14330	692.87
14331	691.72
14332	693.16
14333	691.94
14334	691.89
14335	691.99
14336	691.42
14337	691.59
14338	691.69
14339	691.78
14340	692.3
14341	692.93
14342	692.56
14343	691.08
14344	691.61
14345	692.24
14346	691.72
14347	692.52
14348	693.33
14349	692.83
14350	692.54
14351	692.98
14352	691.88
14353	693.2
14354	693.03
14355	692.14
14356	691.47
14357	691.85
14358	691.01
14359	691.67
14360	693.33
14361	692.05
14362	692.98
14363	692.27
14364	692.2
14365	692.15
14366	692.93
14367	691.32
14368	691.31
14369	691.43
14370	692.54
14371	691.56
14372	691.66
14373	692.26
14374	691.13
14375	690.03
14376	691.8
14377	689.54
14378	690.89
14379	691.11
14380	689
14381	689.68
14382	690.54
14383	689.7
14384	691.01
14385	690.19
14386	689.45
14387	690.25
14388	690
14389	690.02
14390	691.02
14391	690.41
14392	689.67
14393	690.76
14394	689.63
14395	689.48
14396	689.64
14397	689.63
14398	689.55
14399	690.54
14400	690.29
14401	690.03
14402	689.55
14403	689.4
14404	690.56
14405	691.2
14406	689.65
14407	690.32
14408	689.09
14409	691.07
14410	690.29
14411	690.78
14412	689.72
14413	690.34
14414	690.8
14415	689.61
14416	689
14417	688.59
14418	688.63
14419	688.91
14420	689.26
14421	691.07
14422	690.68
14423	689.96
14424	689.3
14425	689.28
14426	688.96
14427	689.12
14428	688.39
14429	688.09
14430	688.34
14431	689.2
14432	688.15
14433	687.63
14434	688.45
14435	688.05
14436	687.41
14437	689.17
14438	688.77
14439	687.96
14440	688.54
14441	687.75
14442	687.27
14443	687.6
14444	687.86
14445	687.13
14446	688.82
14447	688.83
14448	688.14
14449	688.66
14450	687.49
14451	690.3
14452	689.06
14453	688.59
14454	688.93
14455	688.97
14456	689.03
14457	688.69
14458	687.69
14459	688.73
14460	688.44
14461	688.97
14462	688.69
14463	687.9
14464	688.46
14465	687.49
14466	688.98
14467	687.52
14468	688.53
14469	688.11
14470	689.15
14471	688.49
14472	689.05
14473	688.73
14474	688.66
14475	688.58
14476	688.14
14477	688.71
14478	688.33
14479	688.51
14480	687.87
14481	687.2
14482	687.62
14483	688.52
14484	687.35
14485	687.69
14486	687.23
14487	686.87
14488	686.41
14489	687.32
14490	687.45
14491	688.68
14492	686.31
14493	686.47
14494	686.74
14495	686.79
14496	687.6
14497	685.98
14498	686.37
14499	686.37
14500	687.11
14501	686.79
14502	686.62
14503	685.93
14504	686.56
14505	686.36
14506	686.71
14507	686.06
14508	687.95
14509	687.35
14510	686.36
14511	686.65
14512	686.63
14513	687.57
14514	686.32
14515	687.68
14516	688.15
14517	686.52
14518	686.24
14519	686.85
14520	687.17
14521	686.33
14522	688.17
14523	686.49
14524	685.81
14525	688.04
14526	686.04
14527	686.45
14528	688.22
14529	685.86
14530	685.76
14531	686.25
14532	686.97
14533	686.84
14534	687.97
14535	686.39
14536	686.38
14537	685.58
14538	687.3
14539	687.18
14540	686.77
14541	688.75
14542	687.82
14543	685.29
14544	686.49
14545	687.11
14546	685.76
14547	686.08
14548	685.95
14549	685.08
14550	686.32
14551	687.39
14552	686.16
14553	686.78
14554	686.64
14555	687.35
14556	687.61
14557	686
14558	686.16
14559	686.55
14560	686.63
14561	688.01
14562	686.93
14563	687.4
14564	685.54
14565	686.13
14566	686.58
14567	686.46
14568	686.71
14569	686.79
14570	687.2
14571	686.17
14572	686.97
14573	687.14
14574	686.48
14575	687.25
14576	686.99
14577	688.23
14578	686.82
14579	686.32
14580	686.95
14581	687.18
14582	688.18
14583	687.68
14584	687.11
14585	688.65
14586	688.04
14587	687.23
14588	688.69
14589	688.3
14590	688.23
14591	686.97
14592	687.78
14593	688.33
14594	687.39
14595	688.08
14596	687.41
14597	689.63
14598	687.46
14599	687.75
14600	688.73
14601	687.84
14602	688.06
14603	687.95
14604	688.57
14605	686.78
14606	689.97
14607	687.83
14608	687.62
14609	686.22
14610	688.32
14611	686.35
14612	686.65
14613	686.07
14614	686.6
14615	686.66
14616	686.08
14617	687.67
14618	686.18
14619	685.82
14620	686.32
14621	685.32
14622	685.47
14623	685.99
14624	686.08
14625	686.43
14626	686.07
14627	685.67
14628	686.6
14629	684.96
14630	685.96
14631	685.48
14632	685.03
14633	685.16
14634	684.75
14635	685.81
14636	684.57
14637	684.57
14638	684.44
14639	686.05
14640	685.95
14641	684.89
14642	685.29
14643	683.97
14644	683.87
14645	685.26
14646	685.11
14647	685.06
14648	684.04
14649	685.21
14650	684.04
14651	684.17
14652	683.48
14653	685.72
14654	685.06
14655	684.96
14656	684.99
14657	684.33
14658	685.51
14659	685.41
14660	684.51
14661	684.83
14662	684.63
14663	685.55
14664	685.58
14665	685.73
14666	685.14
14667	684.97
14668	685.43
14669	684.86
14670	685.1
14671	684.44
14672	685.54
14673	684.17
14674	684.49
14675	686.57
14676	685.22
14677	684.25
14678	683.21
14679	685.28
14680	684.05
14681	684.88
14682	684.13
14683	683.61
14684	683.56
14685	683.48
14686	684.44
14687	683.83
14688	684.9
14689	684.3
14690	683.5
14691	683.9
14692	683.28
14693	683.53
14694	682.57
14695	682.8
14696	683.09
14697	683.12
14698	682.21
14699	682.78
14700	682.71
14701	683.85
14702	682.61
14703	683.74
14704	682.82
14705	682.6
14706	682.8
14707	682.27
14708	683.38
14709	683.23
14710	682.47
14711	682.13
14712	682.55
14713	682.14
14714	683.45
14715	681.66
14716	683.75
14717	681.82
14718	681.76
14719	682.38
14720	682.59
14721	682.89
14722	683.95
14723	683.42
14724	684.04
14725	683.81
14726	683.25
14727	681.69
14728	681.62
14729	682.41
14730	682.59
14731	682.48
14732	682.92
14733	681.75
14734	682.36
14735	682.29
14736	682.33
14737	682.92
14738	682.64
14739	682.39
14740	682.51
14741	682.36
14742	683.06
14743	682.56
14744	682.26
14745	683.25
14746	682.39
14747	683.41
14748	681.87
14749	682.01
14750	681.13
14751	682.26
14752	680.79
14753	681.65
14754	681.01
14755	681.31
14756	680.57
14757	681.69
14758	681.12
14759	681.64
14760	681.84
14761	680.41
14762	680.03
14763	681.06
14764	681.86
14765	681.89
14766	680.74
14767	682.55
14768	681.19
14769	682.01
14770	681.99
14771	680.98
14772	681.48
14773	681.89
14774	683.25
14775	682.85
14776	680.79
14777	682.13
14778	681.69
14779	681.93
14780	682.2
14781	681.36
14782	682.27
14783	682.8
14784	681.91
14785	681.95
14786	682.43
14787	682.69
14788	682.53
14789	681.9
14790	681.89
14791	682.7
14792	683.3
14793	682.67
14794	683.12
14795	681.41
14796	681.65
14797	681.24
14798	681.56
14799	681.51
14800	680.86
14801	682.09
14802	680.99
14803	680.72
14804	681.07
14805	680.89
14806	680.85
14807	679.39
14808	679.82
14809	680.95
14810	681.05
14811	679.52
14812	680.71
14813	680.55
14814	679.38
14815	680.02
14816	679.21
14817	679.38
14818	680.84
14819	680.36
14820	678.87
14821	679.08
14822	680.25
14823	679.65
14824	679.98
14825	680.28
14826	680.51
14827	680.12
14828	680.64
14829	680.55
14830	680.4
14831	680.31
14832	680.85
14833	681.46
14834	683.15
14835	682.09
14836	681.63
14837	680.48
14838	680.09
14839	680.87
14840	680.91
14841	681.75
14842	681.52
14843	680.38
14844	680.59
14845	680.92
14846	680.34
14847	680.14
14848	680.45
14849	681.06
14850	680.14
14851	680.53
14852	681
14853	680.09
14854	680.35
14855	680.8
14856	680.06
14857	680.39
14858	680.78
14859	679.87
14860	680.05
14861	679.55
14862	680.39
14863	679.69
14864	678.25
14865	679.21
14866	677.7
14867	679.46
14868	678.99
14869	678.25
14870	678.92
14871	678.15
14872	679.46
14873	678.44
14874	679.43
14875	679.06
14876	678.04
14877	679.37
14878	678.6
14879	678.62
14880	679.26
14881	678.1
14882	678.68
14883	678.06
14884	677.48
14885	676.71
14886	676.97
14887	678.38
14888	679.05
14889	678.59
14890	677.82
14891	677.89
14892	678.51
14893	678.47
14894	677.6
14895	678.85
14896	679.08
14897	677.8
14898	677.2
14899	677.16
14900	679.11
14901	677.32
14902	678.36
14903	677.74
14904	678.13
14905	677.7
14906	678.28
14907	678.94
14908	679.16
14909	678.84
14910	679.16
14911	677.36
14912	679.24
14913	677.88
14914	679.24
14915	677
14916	678.32
14917	678.66
14918	679.95
14919	677.66
14920	678.33
14921	679.36
14922	678.11
14923	678.4
14924	678.8
14925	677.99
14926	678.1
14927	678.32
14928	678.73
14929	679.03
14930	678.68
14931	678.52
14932	679.47
14933	679.24
14934	678.61
14935	678.11
14936	678.62
14937	678.15
14938	677.9
14939	676.94
14940	678.6
14941	678.22
14942	678.6
14943	679.33
14944	679.2
14945	678.04
14946	677.97
14947	677.32
14948	678
14949	678.99
14950	678.52
14951	678.74
14952	678.67
14953	679.46
14954	678.78
14955	678.34
14956	677.36
14957	677.15
14958	678.38
14959	678.28
14960	677.37
14961	677.38
14962	678.7
14963	677.92
14964	677.56
14965	678.22
14966	678.21
14967	678.97
14968	678.21
14969	677.13
14970	677.01
14971	679.65
14972	677.9
14973	678.21
14974	678.52
14975	677.68
14976	676.95
14977	677.07
14978	677.68
14979	676.94
14980	677.4
14981	677.12
14982	677.79
14983	676.4
14984	676.65
14985	677.42
14986	676.4
14987	677.34
14988	677.4
14989	677.08
14990	678.3
14991	676.77
14992	676.19
14993	676.31
14994	675.97
14995	676.19
14996	676.43
14997	676.65
14998	677.79
14999	675.61
15000	677.63
15001	676.25
15002	676.7
15003	677.79
15004	676.51
15005	676.35
15006	677.49
15007	675.88
15008	677.8
15009	676.65
15010	676.91
15011	676.93
15012	674.71
15013	675.64
15014	677.07
15015	674.04
15016	675.05
15017	674.13
15018	676.54
15019	673.95
15020	673.86
15021	673.42
15022	675.24
15023	675.23
15024	675.7
15025	674.42
15026	673.6
15027	675.87
15028	675.44
15029	673.73
15030	675.06
15031	674.28
15032	674.91
15033	673.51
15034	673.83
15035	676.22
15036	673.37
15037	673.88
15038	672.51
15039	672.38
15040	673.58
15041	674.15
15042	672.49
15043	673.44
15044	673.54
15045	673.9
15046	673.24
15047	673.42
15048	673.02
15049	673.67
15050	672.43
15051	672.63
15052	673.41
15053	673.62
15054	671.82
15055	672.92
15056	672.88
15057	672.58
15058	672.65
15059	673.45
15060	672.92
15061	672.74
15062	673.36
15063	672.98
15064	673.98
15065	673.41
15066	671.85
15067	672.37
15068	672.99
15069	672.96
15070	672.09
15071	671.83
15072	672.27
15073	671.73
15074	672.17
15075	673.19
15076	673.2
15077	674.64
15078	672.29
15079	672.73
15080	673.54
15081	673.31
15082	671.93
15083	673.79
15084	672.5
15085	673.48
15086	673.86
15087	673.99
15088	671.93
15089	673.89
15090	673.44
15091	672.65
15092	674.07
15093	673.82
15094	674.17
15095	673.79
15096	672.52
15097	674.04
15098	674.54
15099	673.39
15100	673.47
15101	673.09
15102	673.23
15103	674.93
15104	673.78
15105	673.49
15106	674.07
15107	673.76
15108	672.99
15109	673.8
15110	672.94
15111	674.53
15112	673.4
15113	672.78
15114	674.4
15115	673.08
15116	674.09
15117	673.92
15118	672.56
15119	672.49
15120	673.14
15121	671.98
15122	673.73
15123	673.04
15124	673.04
15125	674.13
15126	672.62
15127	673.94
15128	671.43
15129	672.25
15130	671.75
15131	673.27
15132	672.56
15133	671.96
15134	672.87
15135	671.68
15136	672.13
15137	672.55
15138	671.56
15139	672.04
15140	672.18
15141	672.22
15142	672.86
15143	672.13
15144	672.23
15145	672.5
15146	671.11
15147	672.66
15148	672.47
15149	672.67
15150	670.92
15151	671.64
15152	672.6
15153	673.53
15154	673.17
15155	672.37
15156	672.7
15157	672.33
15158	671.37
15159	672.78
15160	671.75
15161	672.34
15162	670.85
15163	671.68
15164	673.18
15165	670.91
15166	670.74
15167	672.09
15168	672.1
15169	672.49
15170	672.07
15171	671
15172	672.58
15173	671.6
15174	671.72
15175	672.98
15176	671.81
15177	671.76
15178	672.05
15179	673.4
15180	672.03
15181	672.14
15182	673.58
15183	672.39
15184	673.15
15185	671.95
15186	672.16
15187	672.77
15188	672.53
15189	672.73
15190	671.67
15191	672.51
15192	671.06
15193	672.01
15194	671.25
15195	671.03
15196	670.38
15197	670.95
15198	670.57
15199	671.78
15200	671.03
15201	672.76
15202	672.04
15203	671.86
15204	673.21
15205	672.05
15206	672.17
15207	671.45
15208	672.32
15209	670.94
15210	671.61
15211	672.28
15212	671.15
15213	672.99
15214	669.96
15215	671.1
15216	671.72
15217	670.5
15218	671.68
15219	672.18
15220	672
15221	670.48
15222	670.54
15223	670.4
15224	670.92
15225	669.89
15226	669.19
15227	669.62
15228	669.87
15229	670.27
15230	670.73
15231	669.28
15232	668.61
15233	669.8
15234	668.92
15235	670.7
15236	669.89
15237	668.62
15238	669.61
15239	668.37
15240	668.78
15241	669.58
15242	668.58
15243	669.19
15244	669.56
15245	669.45
15246	669.67
15247	668.19
15248	670.37
15249	669.24
15250	669.27
15251	668.99
15252	670.28
15253	669.19
15254	669.98
15255	669.35
15256	669.62
15257	668.81
15258	669.9
15259	668.66
15260	668.75
15261	669.52
15262	667.47
15263	667.58
15264	668.27
15265	667.29
15266	669.27
15267	668.49
15268	668.99
15269	668.88
15270	667.51
15271	669.58
15272	669.09
15273	668.32
15274	668.66
15275	669.26
15276	668.73
15277	668.29
15278	667.88
15279	668.48
15280	667.88
15281	668.58
15282	667.28
15283	668.08
15284	667.59
15285	667.04
15286	667.33
15287	667.53
15288	666.5
15289	667.07
15290	667.33
15291	667.59
15292	667.68
15293	666.6
15294	668.28
15295	668.31
15296	668.2
15297	668.11
15298	667.54
15299	668.03
15300	666.9
15301	667.29
15302	667.17
15303	666.99
15304	666.24
15305	666.45
15306	666.76
15307	667.97
15308	667.46
15309	666.88
15310	666.4
15311	665.72
15312	666.44
15313	666.06
15314	665.71
15315	667.85
15316	667.29
15317	665.49
15318	666.2
15319	666.37
15320	666.66
15321	666.33
15322	665.49
15323	666.45
15324	666.61
15325	664.6
15326	665.73
15327	666.78
15328	666.84
15329	666.87
15330	666.65
15331	665.09
15332	667.12
15333	667.43
15334	665.53
15335	666.2
15336	666.06
15337	665.82
15338	666.86
15339	665.62
15340	666.2
15341	667.8
15342	667.31
15343	666.08
15344	665.65
15345	665
15346	666.56
15347	666.99
15348	666.52
15349	667.08
15350	664.95
15351	666.4
15352	665.45
15353	665.97
15354	666.3
15355	665.42
15356	665.4
15357	664.97
15358	665.06
15359	665.61
15360	666.37
15361	665.86
15362	667.38
15363	666.67
15364	664.59
15365	664.13
15366	665.06
15367	666.32
15368	665.23
15369	664.2
15370	664.56
15371	665.33
15372	665.38
15373	665.4
15374	666.06
15375	666.11
15376	666.18
15377	666.03
15378	665.19
15379	665.56
15380	664.81
15381	665.37
15382	665.09
15383	665.27
15384	665.36
15385	664.67
15386	664.78
15387	664.87
15388	665.9
15389	666.96
15390	664.96
15391	666.38
15392	665.77
15393	665.7
15394	664.69
15395	665.82
15396	665.83
15397	665.96
15398	666.96
15399	665.22
15400	665.58
15401	666.47
15402	666.01
15403	666.29
15404	666.01
15405	665.53
15406	666.53
15407	665.56
15408	666.81
15409	665.48
15410	667.21
15411	666.46
15412	667.16
15413	666.25
15414	667.81
15415	666.98
15416	666.64
15417	669.5
15418	667.52
15419	667.06
15420	667.85
15421	666.35
15422	665.6
15423	666.42
15424	667.22
15425	666.81
15426	665.94
15427	666.62
15428	666.3
15429	666.66
15430	667.49
15431	668.4
15432	668.02
15433	666.29
15434	666.52
15435	667.05
15436	668.24
15437	666.64
15438	667.16
15439	666.07
15440	667.28
15441	666.98
15442	666.81
15443	667.85
15444	667.66
15445	668.12
15446	666.05
15447	667.07
15448	666.83
15449	667.46
15450	666.74
15451	667.44
15452	667.56
15453	668.27
15454	666.27
15455	665.39
15456	667.34
15457	668.27
15458	666.98
15459	667.07
15460	668.51
15461	669.21
15462	667.79
15463	667.81
15464	667.36
15465	667.38
15466	667.13
15467	666.85
15468	666.53
15469	665.54
15470	667.35
15471	667.1
15472	667.28
15473	665.76
15474	666.28
15475	666.79
15476	666.92
15477	668.04
15478	667.7
15479	665.96
15480	666.65
15481	666.83
15482	666.17
15483	667.44
15484	665.75
15485	668.24
15486	666.82
15487	667.87
15488	666.04
15489	666.54
15490	666.96
15491	665.59
15492	666.4
15493	666.13
15494	667.18
15495	666.48
15496	666.53
15497	666.07
15498	665.51
15499	667.47
15500	666.64
15501	666.27
15502	667.45
15503	665.1
15504	665.94
15505	665.9
15506	666.05
15507	664.89
15508	666.62
15509	666.22
15510	665.79
15511	665.5
15512	667.06
15513	666.4
15514	666.35
15515	665.72
15516	666.16
15517	665.92
15518	665.75
15519	666.18
15520	667.34
15521	666.13
15522	666.26
15523	666.34
15524	666.9
15525	667.68
15526	667.14
15527	667.41
15528	667.61
15529	667.65
15530	667.25
15531	666.84
15532	666.72
15533	667.03
15534	666.66
15535	666.56
15536	667.67
15537	666.42
15538	665.95
15539	666.24
15540	667.64
15541	667.14
15542	666.99
15543	666.54
15544	667.44
15545	667.06
15546	666.37
15547	666.95
15548	667.99
15549	666.58
15550	666.74
15551	666.62
15552	666.41
15553	665.54
15554	665.84
15555	666.79
15556	666.54
15557	667.97
15558	665.5
15559	665.66
15560	665.86
15561	665.23
15562	664.87
15563	666.29
15564	666.15
15565	666.22
15566	666.11
15567	665.05
15568	666.03
15569	665.73
15570	665.19
15571	666.22
15572	666.23
15573	665.8
15574	666.63
15575	666.35
15576	665.75
15577	666.52
15578	667.55
15579	667.01
15580	665.82
15581	667.4
15582	666.86
15583	666.89
15584	665.57
15585	666.63
15586	666.47
15587	666.4
15588	665.07
15589	666.16
15590	666.13
15591	666.72
15592	665.85
15593	666.56
15594	665.58
15595	665.96
15596	666.84
15597	668.47
15598	665.89
15599	666.34
15600	666.07
15601	666.06
15602	665.59
15603	666.01
15604	666.15
15605	665.89
15606	666.15
15607	665.44
15608	664.98
15609	664.7
15610	664.93
15611	666.08
15612	666.08
15613	665.3
15614	665.63
15615	665.13
15616	665.49
15617	664.82
15618	665.57
15619	665.19
15620	665.62
15621	665.1
15622	665.45
15623	666.29
15624	665.28
15625	666.48
15626	664.99
15627	665.32
15628	665.81
15629	666.63
15630	665.54
15631	666.32
15632	665.02
15633	665.57
15634	664.59
15635	665.67
15636	664.86
15637	665.49
15638	665.03
15639	665.41
15640	664.4
15641	664.68
15642	665.61
15643	664.38
15644	665.51
15645	664.12
15646	664.13
15647	664.2
15648	664.71
15649	665.27
15650	665.67
15651	665.69
15652	665.6
15653	666.29
15654	665.64
15655	665.68
15656	666.24
15657	664.2
15658	666.04
15659	665.86
15660	665.15
15661	666.1
15662	665.56
15663	664.96
15664	664.69
15665	666.16
15666	665.97
15667	666.54
15668	666.53
15669	666.06
15670	664.59
15671	665.71
15672	665.84
15673	664.26
15674	664.72
15675	665.36
15676	665.02
15677	664.7
15678	666.35
15679	665.11
15680	665.12
15681	665.39
15682	665.57
15683	665.6
15684	665.28
15685	665.02
15686	665.9
15687	664.59
15688	665.77
15689	664.87
15690	664.68
15691	664.99
15692	664.62
15693	664.71
15694	665.16
15695	664.76
15696	664.85
15697	664.77
15698	663.63
15699	662.27
15700	663.49
15701	662.77
15702	663.31
15703	662.89
15704	662.41
15705	662.85
15706	662.36
15707	664.01
15708	662.88
15709	663.78
15710	663
15711	662.91
15712	662.86
15713	663.1
15714	662.82
15715	662.61
15716	662.7
15717	662.79
15718	662.05
15719	662.62
15720	663.62
15721	663.82
15722	662.9
15723	662.15
15724	663.58
15725	662.89
15726	662.18
15727	662.65
15728	661.39
15729	662.61
15730	663.35
15731	663.57
15732	662.62
15733	663.89
15734	663.02
15735	663.2
15736	663.6
15737	662.63
15738	663.97
15739	665.54
15740	663.83
15741	664.59
15742	664.61
15743	665.26
15744	665.33
15745	665.07
15746	665.11
15747	664.68
15748	664.86
15749	665.26
15750	666.25
15751	665.81
15752	664.58
15753	666.15
15754	664.93
15755	665.41
15756	664.5
15757	664.83
15758	663.67
15759	663.16
15760	664.21
15761	663.99
15762	663.25
15763	663.94
15764	664.08
15765	663.32
15766	664
15767	663.91
15768	663.16
15769	664.04
15770	664.27
15771	664.71
15772	665.19
15773	663.34
15774	663.1
15775	664.72
15776	665.01
15777	664.61
15778	664.32
15779	663.74
15780	663.48
15781	663.55
15782	663.79
15783	662.5
15784	663.92
15785	663.68
15786	662.89
15787	662.66
15788	663.08
15789	663.57
15790	663.66
15791	663.12
15792	663.65
15793	662.8
15794	662.24
15795	662.67
15796	661.63
15797	661
15798	660.79
15799	661.57
15800	662.08
15801	662.06
15802	662.95
15803	663.09
15804	662.24
15805	662.96
15806	662.82
15807	663.95
15808	663.62
15809	663.03
15810	662.15
15811	663.74
15812	661.78
15813	662.31
15814	663.33
15815	663.6
15816	663.1
15817	662.76
15818	662.86
15819	662.44
15820	661.17
15821	662.31
15822	662.21
15823	662.38
15824	662.33
15825	662.14
15826	661.7
15827	662.19
15828	662.18
15829	661.55
15830	662.09
15831	661.85
15832	661.78
15833	661.75
15834	660.86
15835	662.13
15836	661.63
15837	662.63
15838	662.2
15839	662.38
15840	662.87
15841	661.12
15842	663.17
15843	662.53
15844	661.03
15845	662.04
15846	662.16
15847	660.22
15848	661.22
15849	660.45
15850	661.69
15851	660.91
15852	659.71
15853	659.83
15854	663.01
15855	661.09
15856	660.73
15857	660.23
15858	661.03
15859	661.33
15860	660.04
15861	660.56
15862	660.49
15863	661.98
15864	662.94
15865	661.22
15866	660.19
15867	659.85
15868	658.9
15869	658.61
15870	658.32
15871	658.38
15872	658.24
15873	658.37
15874	658.28
15875	657.18
15876	658.6
15877	659.09
15878	658.23
15879	659.23
15880	657.32
15881	657.64
15882	657.9
15883	659.67
15884	658.28
15885	657.77
15886	657.64
15887	656.74
15888	657.01
15889	657.1
15890	657.45
15891	656.94
15892	657.41
15893	656.05
15894	657.49
15895	657.01
15896	656.42
15897	656.16
15898	656.07
15899	656.27
15900	656.77
15901	656
15902	655.73
15903	655.13
15904	655.6
15905	658.25
15906	656.47
15907	656.16
15908	656.02
15909	656.4
15910	656.34
15911	657.35
15912	656.43
15913	657.09
15914	656.11
15915	655.79
15916	655.19
15917	656.28
15918	656.44
15919	655.45
15920	656.39
15921	656.47
15922	656.34
15923	656.94
15924	656.06
15925	654.82
15926	655.31
15927	655.18
15928	656.18
15929	656.59
15930	655.33
15931	656.02
15932	656.83
15933	655.09
15934	657.99
15935	657.19
15936	657.3
15937	656.82
15938	656.47
15939	657.17
15940	655.87
15941	656.04
15942	656.41
15943	656.6
15944	656.02
15945	656.05
15946	656.09
15947	654.9
15948	654.85
15949	655
15950	654.67
15951	655.32
15952	654.23
15953	655.43
15954	654.37
15955	654.26
15956	654.1
15957	654.28
15958	655.14
15959	656.47
15960	655.16
15961	654.95
15962	654.42
15963	654.5
15964	653.56
15965	654.8
15966	653.28
15967	654.67
15968	654.43
15969	653.64
15970	653.73
15971	653.2
15972	653.38
15973	653.28
15974	653.73
15975	654.16
15976	652.65
15977	653.02
15978	652.45
15979	653.65
15980	653.61
15981	652.7
15982	652.2
15983	653.68
15984	653.01
15985	653.48
15986	652.1
15987	652.87
15988	653.88
15989	653.57
15990	653.16
15991	653.24
15992	653.48
15993	653.93
15994	654.37
15995	653.92
15996	652.76
15997	654.28
15998	653.26
15999	652.39
16000	652.73
16001	651.85
16002	652.58
16003	652.62
16004	651.76
16005	652.05
16006	651.76
16007	650.97
16008	651.1
16009	651.83
16010	652.38
16011	652.42
16012	652.38
16013	649.99
16014	651.85
16015	650.61
16016	650.86
16017	650.11
16018	650.03
16019	650.51
16020	650.48
16021	651.3
16022	651.03
16023	650.72
16024	650.66
16025	651.35
16026	651.22
16027	651.32
16028	651.08
16029	651.73
16030	650.84
16031	651.61
16032	653.05
16033	650.93
16034	650.76
16035	649.13
16036	651.15
16037	651.49
16038	650.15
16039	651.02
16040	650.86
16041	650.46
16042	650.99
16043	651.29
16044	651.51
16045	650.82
16046	650.81
16047	650.6
16048	650.28
16049	650.66
16050	650.19
16051	649.11
16052	650.03
16053	649.03
16054	648.3
16055	647.54
16056	648.69
16057	648.31
16058	647.73
16059	647.83
16060	647.66
16061	647.32
16062	648.08
16063	649.1
16064	647.95
16065	647.3
16066	648.53
16067	649.03
16068	648.41
16069	647.23
16070	648.11
16071	648.14
16072	647.59
16073	648.23
16074	647.71
16075	648.03
16076	646.8
16077	647.69
16078	647.3
16079	646.66
16080	647.09
16081	648.1
16082	646.55
16083	648.25
16084	645.92
16085	645.23
16086	646.37
16087	646.79
16088	646.56
16089	646.56
16090	647.04
16091	647.64
16092	645.73
16093	646.33
16094	647.36
16095	646.64
16096	645.81
16097	646.1
16098	646.37
16099	646.11
16100	645.42
16101	644.27
16102	645.25
16103	645.3
16104	644.99
16105	645.06
16106	645.06
16107	645.99
16108	646.17
16109	646.01
16110	645.65
16111	645.82
16112	647.52
16113	646.11
16114	645.64
16115	646.64
16116	645.49
16117	645.97
16118	645.29
16119	645.78
16120	645.77
16121	645.53
16122	645.12
16123	645.33
16124	646.08
16125	647.18
16126	645.92
16127	647.06
16128	646.42
16129	645.11
16130	646.87
16131	645.62
16132	645.79
16133	645.25
16134	646.09
16135	646.05
16136	643.81
16137	644.25
16138	646
16139	643.67
16140	644.72
16141	644.78
16142	645.24
16143	645.02
16144	645.07
16145	645.19
16146	645.17
16147	647.65
16148	644.99
16149	645.44
16150	644.5
16151	645.53
16152	645.59
16153	645.11
16154	645.49
16155	646.24
16156	645.11
16157	645.61
16158	645.53
16159	645.82
16160	644.82
16161	645.31
16162	645.28
16163	645.12
16164	646.59
16165	645.57
16166	644.05
16167	645.21
16168	644.46
16169	644.67
16170	644.01
16171	644.3
16172	644.31
16173	645.03
16174	646.45
16175	645.28
16176	645.77
16177	645.45
16178	646.1
16179	645.84
16180	644.52
16181	645.68
16182	645.89
16183	645.9
16184	646.09
16185	645.24
16186	645.52
16187	644.93
16188	644.9
16189	644.55
16190	645.36
16191	644.28
16192	646.51
16193	645.5
16194	647.56
16195	646.64
16196	646.12
16197	645.53
16198	645.63
16199	646.55
16200	646.24
16201	645.9
16202	644.13
16203	644.91
16204	645.01
16205	644.68
16206	645.04
16207	645.83
16208	645.43
16209	645.73
16210	645.44
16211	644.06
16212	646.19
16213	645.71
16214	645.58
16215	647.01
16216	645.89
16217	646.05
16218	646.04
16219	645.45
16220	645.78
16221	645.16
16222	645.62
16223	644.99
16224	646.31
16225	646.91
16226	645.89
16227	646.43
16228	647.58
16229	647.11
16230	646.05
16231	645.6
16232	645.58
16233	645.35
16234	644.35
16235	645.39
16236	647.41
16237	646.11
16238	645.44
16239	645.51
16240	646.45
16241	645.65
16242	644.34
16243	644.53
16244	645.86
16245	644.03
16246	644.56
16247	645.04
16248	645.27
16249	645.02
16250	644.64
16251	645.76
16252	646.34
16253	645.37
16254	644.98
16255	645.36
16256	645.11
16257	646.11
16258	645.69
16259	644.71
16260	647.85
16261	646.02
16262	645.25
16263	645.74
16264	645.18
16265	644.95
16266	645.13
16267	646.15
16268	644.91
16269	643.66
16270	645.77
16271	644.91
16272	645.11
16273	644.32
16274	645.11
16275	645.38
16276	645.25
16277	644.07
16278	646.07
16279	644.27
16280	645.13
16281	645.96
16282	645.92
16283	645.2
16284	644.67
16285	645.08
16286	645.83
16287	644.49
16288	645.26
16289	644.89
16290	645.27
16291	644.88
16292	645.62
16293	645.36
16294	645.67
16295	644.9
16296	645.83
16297	645.12
16298	644.93
16299	646.54
16300	645.72
16301	646.28
16302	645.29
16303	646.63
16304	645.48
16305	645.79
16306	645.31
16307	645.63
16308	646.68
16309	645.57
16310	644.94
16311	645.31
16312	646.12
16313	645.95
16314	644.9
16315	645.95
16316	646.49
16317	645.5
16318	645.81
16319	645.44
16320	646.25
16321	645.45
16322	646.18
16323	646.21
16324	645.96
16325	645.29
16326	645.12
16327	644.88
16328	644.57
16329	645.48
16330	644.39
16331	645.62
16332	644.44
16333	644.45
16334	645.59
16335	645.26
16336	646.15
16337	645.42
16338	644.94
16339	644.77
16340	644.94
16341	645.05
16342	644.92
16343	646.11
16344	645.14
16345	645.29
16346	645.63
16347	645.09
16348	644.43
16349	644.74
16350	646.07
16351	645.66
16352	644.79
16353	645.1
16354	645.35
16355	647.01
16356	645.54
16357	645.95
16358	645.54
16359	645.54
16360	645.81
16361	645.59
16362	644.62
16363	645.63
16364	644.84
16365	644.63
16366	645.05
16367	644
16368	646.31
16369	644.88
16370	645.16
16371	643.54
16372	643.87
16373	644.86
16374	645.81
16375	645.41
16376	644.46
16377	645.88
16378	645.31
16379	644.13
16380	645.78
16381	645.56
16382	644.03
16383	644.07
16384	645.12
16385	645.22
16386	645.09
16387	645.29
16388	644.76
16389	644.38
16390	644.22
16391	644.54
16392	644.24
16393	642.62
16394	643.56
16395	645.52
16396	644.04
16397	644.08
16398	644.7
16399	644.46
16400	643.44
16401	644.26
16402	644.17
16403	644.54
16404	643.81
16405	645.22
16406	646.11
16407	644.22
16408	645.53
16409	645.21
16410	644.87
16411	644.77
16412	644.89
16413	645.21
16414	645.26
16415	645.31
16416	645.91
16417	645.48
16418	645.71
16419	645.16
16420	645.9
16421	645.67
16422	646.45
16423	646.58
16424	646.27
16425	647.27
16426	646.92
16427	646.67
16428	647.36
16429	647.37
16430	647.4
16431	648.71
16432	646.77
16433	646.86
16434	646.72
16435	646.43
16436	647.63
16437	646.69
16438	645.9
16439	646.53
16440	645.85
16441	645.43
16442	646.77
16443	647.2
16444	645.98
16445	646.25
16446	646.5
16447	645.5
16448	648.15
16449	645.96
16450	646.62
16451	646.37
16452	645.81
16453	645.61
16454	646.32
16455	645.51
16456	645.72
16457	645.37
16458	644.38
16459	645.54
16460	645
16461	644.47
16462	644.96
16463	645.35
16464	644.96
16465	645.13
16466	645.15
16467	644.94
16468	644.49
16469	644.63
16470	644.83
16471	645.23
16472	644.86
16473	644.95
16474	643.24
16475	644.91
16476	644.74
16477	644.1
16478	645.95
16479	643.96
16480	644.06
16481	644.87
16482	645.34
16483	644.11
16484	644.67
16485	644.66
16486	644.7
16487	644.54
16488	644.65
16489	644.54
16490	644.82
16491	644.47
16492	645.29
16493	643.42
16494	644.15
16495	645.19
16496	644.43
16497	643.67
16498	643.37
16499	642.71
16500	643.69
16501	643.73
16502	642.53
16503	644.04
16504	644.63
16505	643.82
16506	645.83
16507	644.56
16508	643.29
16509	644.8
16510	645.25
16511	645.53
16512	645.58
16513	644.72
16514	644.02
16515	644.34
16516	644.8
16517	643.89
16518	644.84
16519	645
16520	645.7
16521	644.37
16522	645.1
16523	645.58
16524	646.23
16525	646.18
16526	645.56
16527	645.42
16528	645.87
16529	645.34
16530	645.61
16531	645.54
16532	646.05
16533	646.46
16534	645.46
16535	645.71
16536	646.02
16537	646.17
16538	647.5
16539	645.72
16540	645.68
16541	645.53
16542	646.67
16543	647.44
16544	646.17
16545	647.28
16546	646.51
16547	646.88
16548	646.37
16549	646.36
16550	647.92
16551	648.59
16552	646.43
16553	647.08
16554	647.07
16555	646.76
16556	646.63
16557	645.76
16558	646.83
16559	645.27
16560	644.95
16561	646.14
16562	644.92
16563	644.69
16564	646.04
16565	645.27
16566	645.32
16567	645.47
16568	645.23
16569	644.32
16570	645.29
16571	645.97
16572	645.85
16573	644.58
16574	644.48
16575	645.32
16576	645.22
16577	645.38
16578	645.34
16579	646.18
16580	645.94
16581	645.28
16582	645.36
16583	645.5
16584	646.32
16585	644.33
16586	646.77
16587	645.37
16588	646.9
16589	645.77
16590	644.23
16591	647.32
16592	647.16
16593	645.61
16594	645.72
16595	647.19
16596	646.87
16597	645.3
16598	646.47
16599	645.73
16600	646.16
16601	645.42
16602	645.73
16603	645.14
16604	644.84
16605	647.59
16606	645.12
16607	646.75
16608	645.62
16609	645.12
16610	646.35
16611	645.7
16612	645.4
16613	645.46
16614	645.52
16615	644.82
16616	645.1
16617	644.77
16618	646.23
16619	645.36
16620	645.5
16621	645.44
16622	645.3
16623	644.34
16624	645.06
16625	643.35
16626	645.86
16627	643.12
16628	643.63
16629	643.25
16630	643.24
16631	642.88
16632	642.94
16633	644.07
16634	644
16635	645.03
16636	643.67
16637	643.45
16638	644.46
16639	643.47
16640	644.28
16641	643.65
16642	643.2
16643	643.34
16644	643.18
16645	645.1
16646	643.03
16647	642.59
16648	643.02
16649	642.78
16650	643.77
16651	643.89
16652	644.51
16653	643.67
16654	644.49
16655	643.29
16656	644.77
16657	644.86
16658	643.66
16659	643.27
16660	643.26
16661	645.7
16662	643.81
16663	644.16
16664	645.32
16665	644.83
16666	644.46
16667	643.54
16668	644.43
16669	643.87
16670	644.92
16671	645.64
16672	643.43
16673	644.83
16674	643.76
16675	643.83
16676	643.21
16677	643.61
16678	643.69
16679	643.91
16680	643.9
16681	644.14
16682	645.1
16683	643.66
16684	643.09
16685	644.3
16686	644.13
16687	643.91
16688	645.35
16689	642.35
16690	642.71
16691	643.72
16692	642.06
16693	643.83
16694	643.84
16695	642
16696	642.37
16697	644.15
16698	641.5
16699	643.3
16700	643.36
16701	643.05
16702	642.75
16703	642.93
16704	643.71
16705	641.85
16706	642.18
16707	642.12
16708	642.49
16709	643.26
16710	642.58
16711	641.95
16712	643.67
16713	642.62
16714	642.28
16715	641.58
16716	641.3
16717	641.6
16718	641.37
16719	641.74
16720	642.4
16721	642.38
16722	642.28
16723	642.04
16724	641.47
16725	643.34
16726	642.92
16727	642.73
16728	642.54
16729	641.88
16730	642.8
16731	642.62
16732	641.28
16733	641.87
16734	641.39
16735	641.64
16736	642.15
16737	641.81
16738	642.69
16739	641.79
16740	640.37
16741	642.61
16742	641.91
16743	641.82
16744	642.22
16745	643.28
16746	641.92
16747	641.67
16748	642.13
16749	642.56
16750	641.86
16751	641.63
16752	641.4
16753	641.65
16754	642.19
16755	641.23
16756	641.84
16757	641.52
16758	641.16
16759	641.57
16760	640.38
16761	641.64
16762	641.29
16763	641.4
16764	641.02
16765	640.65
16766	641.95
16767	641.61
16768	641.99
16769	641.46
16770	640.76
16771	641.24
16772	641.14
16773	642.6
16774	641.06
16775	639.86
16776	640.64
16777	640.58
16778	641.09
16779	640.82
16780	641.38
16781	640.24
16782	640.38
16783	640.46
16784	641.34
16785	640.05
16786	641.26
16787	640.2
16788	640.97
16789	640.47
16790	641.82
16791	641.15
16792	641.79
16793	641.74
16794	641.45
16795	641.56
16796	641.65
16797	641.47
16798	642.14
16799	641.84
16800	641.07
16801	641.19
16802	641.67
16803	641.65
16804	642.97
16805	642.07
16806	642.52
16807	642.01
16808	641.41
16809	641.46
16810	642.6
16811	640.38
16812	642.28
16813	640.94
16814	642.72
16815	642.31
16816	640.87
16817	641.7
16818	641.56
16819	641.18
16820	641.38
16821	641.32
16822	640.98
16823	642.03
16824	642.28
16825	641.92
16826	641.76
16827	642.16
16828	642.27
16829	641.66
16830	641.95
16831	640.93
16832	641.87
16833	640.79
16834	641.61
16835	640.82
16836	640.93
16837	641.4
16838	640.81
16839	642.23
16840	639.81
16841	639.22
16842	641.09
16843	639.97
16844	640.52
16845	640.07
16846	640.49
16847	639.84
16848	638.29
16849	640.07
16850	639.11
16851	639.1
16852	639.52
16853	639.15
16854	638.91
16855	638.23
16856	638.34
16857	638.98
16858	638.01
16859	638.07
16860	637.58
16861	637.98
16862	638.08
16863	636.85
16864	637.25
16865	636.99
16866	638.84
16867	637.99
16868	638.53
16869	638.08
16870	639.56
16871	638.18
16872	638.46
16873	638.52
16874	638.54
16875	638.68
16876	638.58
16877	639.08
16878	639.43
16879	639.05
16880	639.35
16881	637.54
16882	638.52
16883	638.65
16884	637.75
16885	639.2
16886	638.95
16887	638.25
16888	637.79
16889	637.21
16890	638.24
16891	638.55
16892	637.31
16893	637.74
16894	638.85
16895	638.19
16896	637.42
16897	636.93
16898	637.79
16899	637.34
16900	637.81
16901	637.77
16902	638.28
16903	637.97
16904	637.18
16905	638.13
16906	636.95
16907	638.09
16908	637.85
16909	638.45
16910	637.71
16911	638.45
16912	639.71
16913	638.63
16914	638.05
16915	637.87
16916	638.43
16917	639.4
16918	639.17
16919	638.14
16920	638.84
16921	639.57
16922	639.47
16923	639.68
16924	638.76
16925	639.69
16926	640.03
16927	639.22
16928	640.38
16929	639.38
16930	640.57
16931	640.07
16932	640.08
16933	639.35
16934	639.39
16935	639.21
16936	639.17
16937	638.79
16938	638.78
16939	638.53
16940	638.12
16941	637.93
16942	639.24
16943	639.93
16944	638.95
16945	638.65
16946	638.53
16947	640.74
16948	638.8
16949	638.25
16950	639.21
16951	639.26
16952	639.33
16953	639.04
16954	639.66
16955	638.97
16956	639.73
16957	640.71
16958	639.35
16959	639.49
16960	638.53
16961	640.15
16962	639.12
16963	638.55
16964	639.33
16965	638.54
16966	638.22
16967	639.03
16968	638.27
16969	639.29
16970	638.33
16971	639.89
16972	638.2
16973	637.61
16974	638.75
16975	637.89
16976	638.74
16977	638.77
16978	638.11
16979	638.75
16980	637.61
16981	637.63
16982	638.37
16983	637.54
16984	636.27
16985	637.95
16986	637.79
16987	636.27
16988	637.27
16989	637.8
16990	636.2
16991	636.64
16992	636.84
16993	637.62
16994	636.4
16995	636.56
16996	637.12
16997	637.98
16998	636.91
16999	637.44
17000	636.86
17001	637.11
17002	637.85
17003	637.93
17004	637.79
17005	637.18
17006	637.55
17007	638.15
17008	637.46
17009	638.81
17010	638.11
17011	639.02
17012	638.54
17013	638.6
17014	637.91
17015	638.47
17016	638.04
17017	638.63
17018	638.53
17019	638.79
17020	637.16
17021	637.84
17022	638.41
17023	637.91
17024	639.02
17025	639.01
17026	638.06
17027	638.32
17028	637.91
17029	639.71
17030	639.09
17031	638.67
17032	639.36
17033	638.18
17034	638.22
17035	638.1
17036	637.58
17037	638.06
17038	639.67
17039	637.5
17040	638.42
17041	637.82
17042	636.65
17043	636.62
17044	637.97
17045	637.31
17046	636.64
17047	636.28
17048	636.22
17049	636.12
17050	635.41
17051	637.04
17052	635.57
17053	634.76
17054	637.23
17055	635.98
17056	635.44
17057	634.45
17058	634.96
17059	636.56
17060	634.57
17061	634.38
17062	635.71
17063	635.81
17064	635.94
17065	634.6
17066	636.18
17067	635.31
17068	636.19
17069	637.47
17070	635.88
17071	635.45
17072	636.37
17073	636.78
17074	635.29
17075	635.86
17076	636.71
17077	636.14
17078	635.02
17079	635.31
17080	636.23
17081	635.7
17082	636.6
17083	636.62
17084	635.04
17085	634.48
17086	635.62
17087	634.77
17088	634.61
17089	636.68
17090	635.88
17091	636.85
17092	637.44
17093	636.15
17094	635.82
17095	636.15
17096	637.46
17097	637.76
17098	637.06
17099	636.98
17100	636.55
17101	637.16
17102	637.53
17103	637
17104	637.9
17105	636.96
17106	637.62
17107	636.3
17108	636.25
17109	638.89
17110	636.56
17111	636.86
17112	637.42
17113	637.63
17114	636.39
17115	636.95
17116	639.46
17117	637.97
17118	636.45
17119	636.63
17120	638.18
17121	637.25
17122	636.6
17123	637.22
17124	637.2
17125	636.36
17126	636.48
17127	635.64
17128	635.28
17129	636.4
17130	635.58
17131	634.85
17132	635.37
17133	635.33
17134	634.54
17135	635.19
17136	634.79
17137	636.18
17138	635.29
17139	635.34
17140	635.63
17141	634.89
17142	634.92
17143	636.07
17144	636.22
17145	635.35
17146	636.21
17147	635.91
17148	634.91
17149	634.65
17150	634.9
17151	635.12
17152	635.65
17153	636.27
17154	635.84
17155	635.95
17156	635.25
17157	635.34
17158	634.96
17159	635.18
17160	635.21
17161	634.49
17162	636.34
17163	636.35
17164	636.79
17165	635.9
17166	636.55
17167	635.62
17168	636.36
17169	636.01
17170	635.74
17171	636.37
17172	635.65
17173	637.16
17174	636.07
17175	635.69
17176	634.83
17177	635.28
17178	634.84
17179	636.09
17180	635.39
17181	634.64
17182	635.12
17183	635.17
17184	635.57
17185	634.93
17186	635.07
17187	635.68
17188	634.18
17189	635.73
17190	636.21
17191	635.06
17192	636.32
17193	635.33
17194	634.91
17195	634.81
17196	634.72
17197	633.86
17198	633.59
17199	635.53
17200	635.23
17201	635.39
17202	634.64
17203	636.27
17204	633.78
17205	634.69
17206	635.53
17207	635.18
17208	635.33
17209	635.66
17210	636.13
17211	636.03
17212	635.16
17213	635.23
17214	635.05
17215	636.47
17216	635.28
17217	634.89
17218	634.6
17219	635.74
17220	634.86
17221	635.71
17222	635.8
17223	635.98
17224	634.16
17225	635.33
17226	634.27
17227	635.99
17228	635.48
17229	636.12
17230	635.38
17231	635.07
17232	635.79
17233	635.31
17234	634.56
17235	634.88
17236	635.3
17237	635.51
17238	634.7
17239	635.66
17240	635.39
17241	634.86
17242	634.39
17243	635.14
17244	634.18
17245	633.88
17246	635.2
17247	633.62
17248	634.15
17249	634.89
17250	634.66
17251	633.92
17252	634.59
17253	634.46
17254	634.23
17255	634.03
17256	634.22
17257	633.73
17258	633.76
17259	634.82
17260	634.52
17261	635.1
17262	634.64
17263	633.82
17264	635.01
17265	634.68
17266	634.14
17267	635.7
17268	632.78
17269	634.38
17270	633.97
17271	632.33
17272	633.09
17273	632.32
17274	632.22
17275	633.61
17276	633.77
17277	633.84
17278	633.71
17279	632.72
17280	632.46
17281	632.35
17282	632.09
17283	632.58
17284	633.15
17285	631.64
17286	631.2
17287	632.55
17288	631.7
17289	631.32
17290	631.33
17291	631.35
17292	630.78
17293	631.45
17294	630.66
17295	631.51
17296	630.38
17297	630.02
17298	629.06
17299	629.63
17300	628.77
17301	631.06
17302	629.34
17303	628.95
17304	629.12
17305	628.96
17306	629.34
17307	630.28
17308	628.42
17309	629.03
17310	628.71
17311	628.76
17312	630.45
17313	629.93
17314	629.26
17315	629.12
17316	628.87
17317	629.34
17318	629.67
17319	629.32
17320	629.64
17321	629.25
17322	629.51
17323	628.67
17324	627.67
17325	628.86
17326	629.14
17327	628.65
17328	629.29
17329	630.49
17330	628.86
17331	627.74
17332	628.27
17333	628.32
17334	628.19
17335	628.42
17336	627.1
17337	627.62
17338	628.05
17339	627.55
17340	628.13
17341	629.25
17342	626.99
17343	628.49
17344	628.03
17345	629.39
17346	628.01
17347	628.36
17348	627.65
17349	629.13
17350	628.01
17351	627.33
17352	628.14
17353	628.94
17354	629.48
17355	628.85
17356	627.47
17357	628.28
17358	628.36
17359	628.63
17360	628.55
17361	630.22
17362	628.29
17363	628.82
17364	627.93
17365	628.03
17366	628.97
17367	627.64
17368	627.88
17369	628.58
17370	627.98
17371	628.84
17372	629.26
17373	629.01
17374	627.88
17375	628.07
17376	627.17
17377	627.94
17378	628.12
17379	627.6
17380	629.12
17381	627.87
17382	628.67
17383	628.65
17384	628.6
17385	628.96
17386	627.74
17387	627.82
17388	629
17389	628.93
17390	629.42
17391	628
17392	629.49
17393	628.88
17394	628.53
17395	628.83
17396	628.86
17397	627.04
17398	629.52
17399	627.92
17400	628.83
17401	628.63
17402	627.26
17403	628.22
17404	628.49
17405	628.28
17406	628.01
17407	628.47
17408	627.09
17409	628.26
17410	627.55
17411	627.61
17412	626.99
17413	627.43
17414	628.21
17415	627.47
17416	626.93
17417	628.25
17418	628.55
17419	628.09
17420	626.95
17421	628.53
17422	629.01
17423	628.55
17424	628.85
17425	627.36
17426	627.83
17427	628.64
17428	628.11
17429	627.6
17430	628.63
17431	627.78
17432	628.97
17433	628.85
17434	628.02
17435	628.08
17436	627.32
17437	628.8
17438	626.46
17439	627.48
17440	628.3
17441	628.23
17442	627.6
17443	627.78
17444	627.51
17445	629.06
17446	626.63
17447	628.35
17448	627.81
17449	628.13
17450	627.91
17451	627.6
17452	626.64
17453	626.21
17454	627.51
17455	627.17
17456	626.95
17457	626.63
17458	627.83
17459	625.97
17460	626.37
17461	626.9
17462	627.86
17463	626.43
17464	627.29
17465	627.45
17466	626.11
17467	626.87
17468	626.38
17469	626.77
17470	627.29
17471	627.38
17472	626.61
17473	626.4
17474	626.32
17475	627.09
17476	626.71
17477	626.57
17478	628.58
17479	625.92
17480	627.25
17481	627.42
17482	625.75
17483	626.39
17484	626.86
17485	626.1
17486	626.3
17487	625.79
17488	625.23
17489	625.19
17490	626.17
17491	625.49
17492	626.45
17493	626.59
17494	624.89
17495	625.41
17496	625.85
17497	625.96
17498	626.39
17499	625.7
17500	624.94
17501	625.41
17502	624.86
17503	625.02
17504	624.84
17505	623.97
17506	624.98
17507	626.39
17508	624.59
17509	624.53
17510	625.31
17511	625.04
17512	625.85
17513	625.59
17514	626.16
17515	624.46
17516	624.19
17517	625.77
17518	624.35
17519	624.98
17520	625.69
17521	625.34
17522	625.03
17523	625.89
17524	625.27
17525	624.46
17526	625.53
17527	625.32
17528	625.95
17529	625.71
17530	625.42
17531	624.76
17532	625.58
17533	626.12
17534	625.79
17535	625.31
17536	625.6
17537	626.49
17538	625.76
17539	625.81
17540	625.1
17541	624.31
17542	625.2
17543	624.48
17544	624.81
17545	625.36
17546	624.51
17547	624.76
17548	625.77
17549	624.26
17550	625.31
17551	624.4
17552	625.65
17553	624.8
17554	626.22
17555	625.81
17556	625.85
17557	625.09
17558	625.69
17559	624.9
17560	625.58
17561	625
17562	625.16
17563	625.51
17564	624.09
17565	623.94
17566	624.35
17567	624.6
17568	624.78
17569	623.94
17570	624.22
17571	625.72
17572	625.87
17573	624.05
17574	625.09
17575	626.77
17576	624.6
17577	625.84
17578	624.81
17579	625.03
17580	623.63
17581	625.33
17582	625.08
17583	623.32
17584	624.67
17585	623.84
17586	623.69
17587	624.72
17588	624.38
17589	623.14
17590	623.7
17591	624.77
17592	622.96
17593	624.34
17594	622.58
17595	623.98
17596	622.32
17597	623.18
17598	623.57
17599	622.42
17600	623.55
17601	623.32
17602	623.51
17603	622.36
17604	622.89
17605	622.38
17606	621.87
17607	623.5
17608	624.2
17609	623.45
17610	623.04
17611	623.77
17612	623.89
17613	624.89
17614	623.26
17615	622.48
17616	623.28
17617	623.07
17618	622.05
17619	622.28
17620	622.16
17621	622.71
17622	621.91
17623	622.3
17624	622.99
17625	622.13
17626	622.64
17627	623.1
17628	622.83
17629	623.26
17630	622.6
17631	621.76
17632	621.97
17633	622.34
17634	621.88
17635	622.65
17636	622.44
17637	624.42
17638	621.19
17639	623.77
17640	622.55
17641	622.06
17642	624.15
17643	622.86
17644	623.28
17645	624.29
17646	622
17647	623.33
17648	623.63
17649	622.12
17650	623.86
17651	623.75
17652	622.85
17653	621.98
17654	621.87
17655	622.52
17656	623
17657	622
17658	621.22
17659	621.54
17660	621.53
17661	621.16
17662	621.52
17663	620.86
17664	621.61
17665	621.07
17666	621.91
17667	622.35
17668	622.38
17669	621.45
17670	621.82
17671	621.64
17672	621.07
17673	621.92
17674	621.55
17675	622.38
17676	620.67
17677	621.2
17678	621.48
17679	621.66
17680	620.79
17681	620.92
17682	622.57
17683	622.14
17684	621.3
17685	621.42
17686	621.57
17687	620.48
17688	620.39
17689	620.74
17690	621.04
17691	620.46
17692	620.13
17693	619.52
17694	620.14
17695	619.96
17696	619.96
17697	619.85
17698	620.04
17699	620.37
17700	618.79
17701	619.62
17702	619.07
17703	620.67
17704	619.84
17705	620.13
17706	620.42
17707	619.94
17708	620.11
17709	619.65
17710	620.52
17711	620.5
17712	619.82
17713	619.23
17714	619.37
17715	619.75
17716	619.4
17717	619.15
17718	621.25
17719	618.7
17720	618.91
17721	618.53
17722	618.72
17723	618.16
17724	620.71
17725	619.23
17726	619.55
17727	619.84
17728	618.73
17729	619.38
17730	619.07
17731	618.39
17732	618.96
17733	619.38
17734	618.89
17735	618.32
17736	619.09
17737	618.05
17738	618.64
17739	618.19
17740	618.16
17741	619.4
17742	618.2
17743	618.8
17744	618.65
17745	619.07
17746	618.79
17747	618.27
17748	618.1
17749	618.68
17750	619.35
17751	617.6
17752	618.8
17753	618.4
17754	618.5
17755	618.43
17756	618.83
17757	618.1
17758	619.26
17759	619.16
17760	618.27
17761	617.35
17762	618.2
17763	619.58
17764	618.64
17765	619.36
17766	619.63
17767	618.65
17768	619.66
17769	619.81
17770	619.51
17771	619.58
17772	618.54
17773	618.71
17774	618.58
17775	619.59
17776	618.9
17777	618.36
17778	618.47
17779	618.47
17780	620.55
17781	619.83
17782	618.17
17783	619.26
17784	620.26
17785	620.12
17786	621.05
17787	621.33
17788	621.62
17789	620.7
17790	620.75
17791	619.85
17792	619.73
17793	619.29
17794	619.28
17795	619.76
17796	619.04
17797	618.86
17798	618.08
17799	619.63
17800	619.37
17801	617.69
17802	619.56
17803	618.68
17804	620.22
17805	618.37
17806	618.89
17807	617.89
17808	618.81
17809	619.64
17810	618.02
17811	618.11
17812	619.31
17813	619.05
17814	617.63
17815	618.83
17816	617.69
17817	618.74
17818	618.42
17819	617.49
17820	617.43
17821	617.46
17822	618.18
17823	617.15
17824	617.47
17825	616.4
17826	617.54
17827	618.46
17828	618.23
17829	617.57
17830	617.04
17831	617.56
17832	617.63
17833	618.12
17834	617.67
17835	617.52
17836	617.33
17837	618.41
17838	616.27
17839	617.11
17840	617.12
17841	616.77
17842	616.62
17843	616.06
17844	617.21
17845	616.37
17846	616.38
17847	615.53
17848	615.7
17849	616.99
17850	616.54
17851	616.99
17852	615.07
17853	616.19
17854	617.06
17855	616.75
17856	616.4
17857	615.7
17858	615.67
17859	617.44
17860	616.15
17861	615.83
17862	615.85
17863	616.36
17864	616.16
17865	616.16
17866	618.2
17867	616.66
17868	616.86
17869	616.32
17870	616.23
17871	616.29
17872	617.63
17873	616.06
17874	615.07
17875	615.71
17876	615.24
17877	616.7
17878	615.55
17879	614.92
17880	616.64
17881	616.04
17882	615.39
17883	615.32
17884	615.61
17885	615.96
17886	615.37
17887	615.52
17888	616.17
17889	616.26
17890	616.87
17891	616.11
17892	616.18
17893	616.75
17894	617.05
17895	616.63
17896	616.28
17897	616.78
17898	617.02
17899	616.9
17900	617.42
17901	615.96
17902	616.43
17903	616.86
17904	617.32
17905	615.01
17906	616.89
17907	615.91
17908	616.68
17909	617.97
17910	617.44
17911	616.45
17912	617.26
17913	616.55
17914	616.46
17915	616.79
17916	617.23
17917	616.72
17918	616.08
17919	615.35
17920	615.27
17921	616.06
17922	614.83
17923	616.1
17924	617.05
17925	615.82
17926	615.41
17927	616.6
17928	616.3
17929	614.44
17930	616.24
17931	616.06
17932	616.39
17933	615.46
17934	615.2
17935	615
17936	614.78
17937	614.95
17938	614.82
17939	615.52
17940	615.86
17941	616.08
17942	615.76
17943	615.53
17944	616.24
17945	616.7
17946	616.46
17947	617.75
17948	615.62
17949	616.2
17950	616.5
17951	616.61
17952	616.86
17953	616.23
17954	615.71
17955	615.59
17956	615.58
17957	616.33
17958	616.57
17959	615.74
17960	615.97
17961	615.37
17962	616
17963	615.15
17964	615.14
17965	616.05
17966	615.66
17967	614.83
17968	614.96
17969	614.46
17970	614.59
17971	613.66
17972	614.69
17973	614.02
17974	613.42
17975	614.65
17976	614.7
17977	614.85
17978	614.65
17979	615.31
17980	614.07
17981	615.12
17982	613.24
17983	614.16
17984	614.39
17985	615.73
17986	614
17987	613.96
17988	614.61
17989	613.57
17990	614.26
17991	615.2
17992	614.66
17993	615.3
17994	615.17
17995	614.81
17996	617.09
17997	615.55
17998	616.12
17999	615.04
18000	615.6
18001	614.72
18002	614.79
18003	616.16
18004	615.66
18005	614.94
18006	614.49
18007	615.45
18008	614.61
18009	615.88
18010	615.67
18011	614.71
18012	614.06
18013	614.55
18014	615.67
18015	614.8
18016	614.52
18017	614.69
18018	614.9
18019	616.77
18020	615.82
18021	615.79
18022	614.65
18023	615.27
18024	615.24
18025	615.58
18026	615.37
18027	615.15
18028	615.83
18029	615.98
18030	615.11
18031	615.65
18032	615.86
18033	615.23
18034	615.3
18035	616.15
18036	616.97
18037	614.87
18038	615.72
18039	615.65
18040	615.51
18041	616.16
18042	615.51
18043	616.12
18044	615.93
18045	616.12
18046	615.08
18047	616.04
18048	615.62
18049	614.77
18050	616.57
18051	616.85
18052	616.57
18053	616.09
18054	615.44
18055	615.52
18056	616.11
18057	614.63
18058	615.43
18059	615.57
18060	614.4
18061	615.29
18062	615.65
18063	615.37
18064	615.32
18065	615.24
18066	614.81
18067	614.77
18068	614.68
18069	615.53
18070	614.86
18071	614.79
18072	615.47
18073	614.5
18074	614.92
18075	614.79
18076	616.29
18077	615.84
18078	615.35
18079	615.16
18080	613.81
18081	615.71
18082	614.72
18083	614.25
18084	614.3
18085	615.62
18086	614.51
18087	614.32
18088	613.89
18089	615.82
18090	614.28
18091	614.33
18092	614.75
18093	614.08
18094	615.51
18095	614.39
18096	614.61
18097	614.89
18098	613.88
18099	614.4
18100	614.37
18101	614.67
18102	614.81
18103	615.42
18104	614.09
18105	616.5
18106	614.49
18107	614.93
18108	614.99
18109	614.34
18110	614.42
18111	615.32
18112	614.26
18113	615.49
18114	613.44
18115	613.22
18116	613.35
18117	612.8
18118	613.36
18119	613.33
18120	613.46
18121	613.61
18122	612.52
18123	612.73
18124	613.3
18125	612.25
18126	613.84
18127	612.71
18128	612.33
18129	612.75
18130	612.58
18131	612.65
18132	613.11
18133	613.21
18134	612.82
18135	613.2
18136	612.87
18137	613.27
18138	614.18
18139	612.27
18140	613.4
18141	614.33
18142	613.75
18143	613.8
18144	613.24
18145	612.95
18146	612.65
18147	614.41
18148	614.28
18149	613.74
18150	612.39
18151	612.77
18152	612.13
18153	612.92
18154	612.75
18155	612.89
18156	611.95
18157	612.27
18158	612.5
18159	613.32
18160	611.71
18161	612.51
18162	612.56
18163	613.88
18164	612.47
18165	612.31
18166	612.18
18167	614.13
18168	612.32
18169	613.34
18170	613.89
18171	612.31
18172	613.08
18173	614.25
18174	612.45
18175	613.56
18176	612.55
18177	613.11
18178	612.07
18179	612.88
18180	612.71
18181	614.08
18182	612.98
18183	612.42
18184	611.73
18185	613.05
18186	612.29
18187	614.15
18188	613.71
18189	613.13
18190	613.86
18191	612.78
18192	612.75
18193	613.61
18194	613.29
18195	612.59
18196	613.36
18197	614.37
18198	613.88
18199	614.37
18200	613.31
18201	613.78
18202	613.43
18203	613.3
18204	612.24
18205	613.87
18206	614.23
18207	613.96
18208	613.4
18209	613.45
18210	614.43
18211	613.5
18212	614.19
18213	613.43
18214	612
18215	611.77
18216	613.12
18217	612.36
18218	611.68
18219	611.83
18220	612.1
18221	612.04
18222	612.63
18223	612.35
18224	611.83
18225	611.9
18226	612.14
18227	610.64
18228	612.29
18229	610.57
18230	611.63
18231	611.93
18232	611.06
18233	611.99
18234	612.67
18235	612.36
18236	610.55
18237	612.62
18238	612.41
18239	613.37
18240	612.49
18241	612.39
18242	612.77
18243	614.22
18244	612.55
18245	613.2
18246	613.07
18247	612.09
18248	612.6
18249	612.14
18250	611.33
18251	610.91
18252	612.77
18253	610.94
18254	611.49
18255	612.31
18256	610.87
18257	611.79
18258	611.68
18259	609.83
18260	612.5
18261	611.91
18262	609.54
18263	612.75
18264	611.58
18265	611.5
18266	610.63
18267	610.46
18268	610.29
18269	610.76
18270	611.03
18271	611.39
18272	610.89
18273	611.4
18274	610.44
18275	610.21
18276	610.79
18277	610.81
18278	609.51
18279	610.25
18280	611.1
18281	612.16
18282	610.57
18283	610.02
18284	610.28
18285	611.61
18286	610.18
18287	609.81
18288	609.67
18289	610.47
18290	610.2
18291	610
18292	611.26
18293	610.1
18294	610.41
18295	610.08
18296	610.09
18297	609.87
18298	610.32
18299	610.12
18300	610.98
18301	609.49
18302	609.96
18303	609.26
18304	609.64
18305	610.51
18306	610.74
18307	610.08
18308	608.93
18309	609.76
18310	609.62
18311	610.16
18312	609.07
18313	609.56
18314	609.37
18315	608.98
18316	609.95
18317	610.39
18318	609.58
18319	609.9
18320	609.35
18321	609.96
18322	610.73
18323	609.51
18324	611.49
18325	610.17
18326	610.6
18327	610.54
18328	611.75
18329	610.7
18330	610.67
18331	609.8
18332	610.45
18333	611.39
18334	610.04
18335	610.63
18336	609.51
18337	610.46
18338	613.14
18339	610.21
18340	611.08
18341	611.13
18342	610.13
18343	610.43
18344	612.46
18345	609.79
18346	610.88
18347	610.91
18348	611.71
18349	612.36
18350	611.13
18351	611.46
18352	610.89
18353	611.51
18354	610.61
18355	612.95
18356	610.94
18357	610.78
18358	612.39
18359	611.01
18360	612.58
18361	610.97
18362	613.21
18363	613.05
18364	611.64
18365	612.51
18366	611.42
18367	612.66
18368	612.18
18369	614.2
18370	613.63
18371	612.93
18372	612.81
18373	611.72
18374	612.51
18375	613.52
18376	614.03
18377	613.9
18378	613
18379	613.86
18380	612.46
18381	613.1
18382	613.12
18383	612.47
18384	611.25
18385	611.88
18386	612.44
18387	612.04
18388	612.09
18389	612.64
18390	611.48
18391	611.9
18392	612.16
18393	611.78
18394	612.64
18395	613.85
18396	612.32
18397	611.48
18398	612.22
18399	613.4
18400	611.94
18401	612.45
18402	612.53
18403	613.38
18404	611.98
18405	612.08
18406	612.31
18407	611.2
18408	611.92
18409	612.24
18410	610.52
18411	611.81
18412	611.56
18413	612.16
18414	612.29
18415	611.76
18416	611.31
18417	612.7
18418	612.62
18419	612.09
18420	611.47
18421	612.92
18422	612.33
18423	611.39
18424	610.82
18425	612.37
18426	612.55
18427	612.3
18428	610.55
18429	612
18430	611.67
18431	611.39
18432	611.5
18433	612.04
18434	611.18
18435	612.22
18436	610.88
18437	610.6
18438	610.06
18439	610.19
18440	610.61
18441	610.86
18442	611.61
18443	610
18444	611.77
18445	611.26
18446	609.76
18447	610.27
18448	610.3
18449	610.14
18450	610.75
18451	610.34
18452	610.92
18453	611.4
18454	611.82
18455	611.95
18456	612.38
18457	611.94
18458	611.33
18459	612.35
18460	611.68
18461	611.86
18462	612.11
18463	611.5
18464	613.15
18465	611.04
18466	611.47
18467	612.77
18468	611.14
18469	611.82
18470	612.22
18471	612.13
18472	613.17
18473	613.24
18474	612.21
18475	611.5
18476	613.34
18477	612.72
18478	612.07
18479	613.1
18480	611.79
18481	611.65
18482	614.12
18483	611.44
18484	611.48
18485	611.38
18486	611.25
18487	612.63
18488	611.18
18489	611.07
18490	611.44
18491	611.25
18492	611.32
18493	611.67
18494	610.14
18495	609.94
18496	611.39
18497	612.29
18498	611.79
18499	611.8
18500	612.96
18501	612.14
18502	612.23
18503	611.94
18504	611.81
18505	611.2
18506	611.17
18507	611.04
18508	611.69
18509	611.71
18510	612.22
18511	611.06
18512	612.35
18513	610.65
18514	610.31
18515	611.15
18516	609.36
18517	610.91
18518	611.46
18519	611.35
18520	610.27
18521	609.31
18522	610.36
18523	610.51
18524	609.84
18525	610.87
18526	611.9
18527	610.11
18528	610.37
18529	609.57
18530	609.85
18531	610.72
18532	609.55
18533	609.36
18534	610.39
18535	609.97
18536	610.93
18537	611.05
18538	610.62
18539	610.32
18540	611.26
18541	609.6
18542	610.37
18543	610.95
18544	609.74
18545	609.9
18546	609.95
18547	609.61
18548	610.26
18549	610.92
18550	609.53
18551	611.03
18552	610.71
18553	609.51
18554	610.42
18555	610.52
18556	610.05
18557	609.62
18558	609.14
18559	609.31
18560	609.77
18561	609.74
18562	607.83
18563	609.3
18564	610.06
18565	608.18
18566	608.15
18567	607.9
18568	608.28
18569	609.27
18570	607.41
18571	607.7
18572	608.3
18573	607.43
18574	608.18
18575	607.47
18576	606.45
18577	607.28
18578	607.53
18579	606.15
18580	605.88
18581	606.16
18582	605.96
18583	605.5
18584	606.18
18585	607.51
18586	604.95
18587	606.43
18588	605.5
18589	605.9
18590	606.26
18591	607.01
18592	605.77
18593	604.85
18594	605.26
18595	604.81
18596	604.49
18597	605.77
18598	605.09
18599	605.06
18600	606.41
18601	605.7
18602	606.24
18603	605.01
18604	605.25
18605	605.31
18606	605.16
18607	605.61
18608	605.8
18609	606.7
18610	605.22
18611	604.51
18612	605.91
18613	604.99
18614	605.29
18615	605.39
18616	605.54
18617	604.5
18618	605.37
18619	605.61
18620	603.98
18621	605.89
18622	605.08
18623	604.64
18624	603.09
18625	602.87
18626	603.72
18627	604.01
18628	603.05
18629	603.34
18630	602.41
18631	603.55
18632	603.32
18633	603.08
18634	602.35
18635	604.13
18636	602.96
18637	603.11
18638	602.83
18639	603.66
18640	603.28
18641	602.37
18642	603.58
18643	603.95
18644	602.06
18645	603.03
18646	602.02
18647	602.66
18648	603.18
18649	603.92
18650	602.85
18651	602.09
18652	602.41
18653	601.14
18654	601.25
18655	600.29
18656	601.73
18657	602.96
18658	601.41
18659	600.97
18660	601.33
18661	602.03
18662	601.36
18663	600.1
18664	601.11
18665	600.28
18666	600.06
18667	600.18
18668	599.88
18669	601.01
18670	600.68
18671	599.71
18672	600.63
18673	600.86
18674	601.16
18675	600.11
18676	599.27
18677	601.38
18678	600.51
18679	599.97
18680	600.11
18681	599.65
18682	599.83
18683	600.46
18684	599.88
18685	600.13
18686	601.52
18687	599.48
18688	599.54
18689	599.44
18690	599.11
18691	598.96
18692	599.37
18693	599.34
18694	599.83
18695	600.48
18696	600.34
18697	601.04
18698	599.24
18699	599.48
18700	599.42
18701	598.79
18702	598.19
18703	599.29
18704	598.83
18705	599.6
18706	598.43
18707	598.78
18708	599.57
18709	598.71
18710	598.36
18711	598.2
18712	598.21
18713	599.37
18714	599.42
18715	597.87
18716	597.88
18717	599.16
18718	600.15
18719	598
18720	598.6
18721	597.93
18722	597.68
18723	598.31
18724	597.29
18725	598.33
18726	597.61
18727	598.61
18728	598.19
18729	598.53
18730	598.05
18731	597.5
18732	598.07
18733	597.42
18734	598.75
18735	597.38
18736	597.13
18737	597.23
18738	597.46
18739	597.13
18740	596.64
18741	596.89
18742	596.43
18743	597.13
18744	596.4
18745	596.7
18746	596.83
18747	596.24
18748	595.32
18749	596.53
18750	597.56
18751	595.31
18752	595.99
18753	595.35
18754	595.74
18755	595.68
18756	595.76
18757	596.49
18758	596.3
18759	596.18
18760	596.19
18761	595.8
18762	595.75
18763	595.61
18764	595.94
18765	594.12
18766	595.41
18767	595.49
18768	595.63
18769	594.24
18770	595.93
18771	594.96
18772	595.04
18773	596.53
18774	594.37
18775	594.9
18776	595.77
18777	594.24
18778	594.98
18779	595.59
18780	595.54
18781	595.38
18782	595.82
18783	596.18
18784	595.7
18785	595.26
18786	596.87
18787	597.12
18788	597.5
18789	596.98
18790	596.29
18791	595.67
18792	596.14
18793	598.54
18794	595.98
18795	597.33
18796	596.77
18797	595.64
18798	596.5
18799	597.92
18800	595.36
18801	595.72
18802	596.38
18803	595.78
18804	595.82
18805	595.84
18806	596.79
18807	595.28
18808	595.43
18809	597.01
18810	595.77
18811	595.26
18812	595.63
18813	594.57
18814	596.04
18815	595.05
18816	596.01
18817	595.27
18818	595.3
18819	595.43
18820	596.3
18821	596.52
18822	594.93
18823	595.9
18824	595.15
18825	595.84
18826	595.88
18827	595.04
18828	594.92
18829	595.67
18830	596.37
18831	595.38
18832	595.57
18833	595.48
18834	596.88
18835	596.55
18836	596.53
18837	594.57
18838	595.53
18839	595.27
18840	595.43
18841	596.66
18842	596.27
18843	594.61
18844	595.27
18845	597.06
18846	595.16
18847	595.27
18848	596.98
18849	594.9
18850	595.15
18851	594.89
18852	595.4
18853	596.18
18854	595.53
18855	595.26
18856	595.6
18857	594.71
18858	595.58
18859	595.01
18860	594.61
18861	595.25
18862	595.13
18863	595.27
18864	595.23
18865	594.77
18866	595.34
18867	595.22
18868	595.78
18869	595.56
18870	594.76
18871	593.57
18872	595.34
18873	594.19
18874	595.25
18875	595.7
18876	595.27
18877	595.28
18878	595.29
18879	595.82
18880	595.44
18881	594
18882	594.4
18883	593.65
18884	595.31
18885	595.33
18886	594.16
18887	594.85
18888	594.27
18889	594.25
18890	594.95
18891	594.6
18892	593.54
18893	595.19
18894	593.98
18895	594.5
18896	595.73
18897	595.58
18898	594.47
18899	596.72
18900	595.33
18901	594.27
18902	594.23
18903	595.08
18904	594.65
18905	594.14
18906	593.62
18907	594.91
18908	594.56
18909	593.74
18910	595.72
18911	595.14
18912	595.8
18913	594.98
18914	595.83
18915	595.99
18916	595.52
18917	594.68
18918	595.69
18919	595.18
18920	596.69
18921	594.93
18922	596.52
18923	595.2
18924	594.51
18925	595.69
18926	595.36
18927	595.42
18928	595.09
18929	594.86
18930	593.62
18931	594.34
18932	594.52
18933	594.18
18934	594.58
18935	594.38
18936	595
18937	594.08
18938	594.99
18939	594.61
18940	595.04
18941	595.59
18942	593.8
18943	594.41
18944	593.56
18945	593.91
18946	594.67
18947	594.26
18948	595.69
18949	594.23
18950	593.83
18951	594.92
18952	593.08
18953	593.53
18954	594.02
18955	594.46
18956	595.77
18957	594.58
18958	594.8
18959	593.63
18960	595.88
18961	595.31
18962	593.85
18963	594.35
18964	595.82
18965	595.58
18966	593.05
18967	594.84
18968	594.76
18969	594.6
18970	595.06
18971	595.16
18972	595.46
18973	594.16
18974	594.22
18975	593.79
18976	593.46
18977	594.25
18978	595.01
18979	594.61
18980	594.95
18981	594.48
18982	595.74
18983	594.55
18984	596.32
18985	595.64
18986	595.59
18987	595.23
18988	595.44
18989	596.11
18990	595.21
18991	595.87
18992	594.95
18993	595.06
18994	595.77
18995	595.85
18996	593.79
18997	595.33
18998	595.4
18999	594.86
19000	594.49
19001	594.19
19002	593.97
19003	594.45
19004	595.07
19005	593.93
19006	594.93
19007	594.33
19008	594.33
19009	595.26
19010	593.77
19011	593.36
19012	593.54
19013	593.77
19014	594.63
19015	593.87
19016	593.46
19017	593.49
19018	593.89
19019	593.7
19020	592.59
19021	592.67
19022	594.13
19023	592.99
19024	592.29
19025	592.32
19026	593.47
19027	593.44
19028	592.8
19029	592.32
19030	593.61
19031	592.79
19032	591.9
19033	593.01
19034	592.72
19035	593.75
19036	593.81
19037	592.25
19038	593.18
19039	592.93
19040	592.54
19041	592.03
19042	594.79
19043	592.78
19044	592.68
19045	593.29
19046	592.87
19047	591.69
19048	592.29
19049	593.25
19050	591.49
19051	592
19052	591.4
19053	591.5
19054	591.51
19055	592.01
19056	590.59
19057	591.56
19058	591.13
19059	590.88
19060	592.74
19061	590.07
19062	590.82
19063	591.73
19064	590.03
19065	591.79
19066	590.32
19067	591.56
19068	590.68
19069	591.08
19070	591.09
19071	591.66
19072	590.53
19073	591.77
19074	591.05
19075	590.28
19076	590.87
19077	590.2
19078	590.54
19079	590
19080	590.09
19081	591.57
19082	590.85
19083	591.39
19084	590.94
19085	590.19
19086	590.54
19087	591.75
19088	592.45
19089	590.66
19090	590.43
19091	590.76
19092	591.42
19093	589.47
19094	589.97
19095	589.94
19096	589.86
19097	589.83
19098	590.18
19099	589.65
19100	590.22
19101	590.5
19102	589.32
19103	589.44
19104	590.18
19105	589.39
19106	590.23
19107	590.16
19108	590.13
19109	588.36
19110	588.82
19111	588.97
19112	588.71
19113	588.89
19114	589.59
19115	588.84
19116	588.98
19117	590.24
19118	589.07
19119	590.23
19120	589.37
19121	590.06
19122	589.88
19123	590.22
19124	590.03
19125	589.99
19126	590.55
19127	590.81
19128	590.25
19129	591.66
19130	590.49
19131	589.44
19132	591.73
19133	589.71
19134	590.97
19135	589.63
19136	589.41
19137	588.87
19138	588.45
19139	590.73
19140	590.29
19141	589.95
19142	588.56
19143	589.86
19144	589.34
19145	589.48
19146	588.66
19147	588.04
19148	588.68
19149	589.36
19150	589.2
19151	588.62
19152	588.85
19153	588.87
19154	588.48
19155	588.65
19156	587.69
19157	588.09
19158	588.21
19159	587.49
19160	588.43
19161	587.58
19162	588.87
19163	587.16
19164	587.71
19165	588.28
19166	586.19
19167	587.63
19168	587.9
19169	586.88
19170	586.48
19171	589.36
19172	587.34
19173	588.58
19174	587.22
19175	588.62
19176	588.12
19177	588.42
19178	587.71
19179	587.45
19180	588.24
19181	588.45
19182	589.86
19183	587.83
19184	587.77
19185	589.31
19186	589.05
19187	588.53
19188	588.47
19189	587.73
19190	589.23
19191	589.48
19192	588.43
19193	588.3
19194	588.78
19195	588.19
19196	587.69
19197	588.62
19198	588.26
19199	588.37
19200	588.62
19201	588.36
19202	588.5
19203	588.41
19204	590.73
19205	590.58
19206	589.18
19207	588.94
19208	590.06
19209	589.5
19210	590.11
19211	590.52
19212	588.69
19213	591.4
19214	590.79
19215	590.45
19216	591.86
19217	590.28
19218	590.21
19219	590.14
19220	588.56
19221	590.33
19222	590.06
19223	589.09
19224	591.14
19225	589.1
19226	590.47
19227	589.44
19228	589.9
19229	589.62
19230	589.3
19231	590.42
19232	589.26
19233	589.63
19234	590.77
19235	590.33
19236	589.96
19237	589.89
19238	589.94
19239	589.8
19240	588.43
19241	589.09
19242	589.96
19243	589.4
19244	590.69
19245	589.05
19246	588.85
19247	589.19
19248	589.42
19249	589.18
19250	589.58
19251	589.92
19252	589.47
19253	589.02
19254	590.34
19255	589.54
19256	588.7
19257	590.22
19258	589.77
19259	589.72
19260	589.73
19261	589.52
19262	588.74
19263	588.41
19264	587.95
19265	589.11
19266	588.56
19267	588.89
19268	588.42
19269	589.95
19270	589.23
19271	590.43
19272	588.85
19273	589.53
19274	589.31
19275	589.77
19276	589.47
19277	588.85
19278	589.36
19279	588.86
19280	588.99
19281	589.16
19282	588.77
19283	589.64
19284	588.27
19285	589.39
19286	588.67
19287	589.51
19288	589.21
19289	588.47
19290	588.97
19291	589.09
19292	587.68
19293	588.7
19294	587.49
19295	586.88
19296	589.06
19297	589.5
19298	587.5
19299	588.08
19300	588.64
19301	587.59
19302	588.13
19303	589.02
19304	588.01
19305	587.71
19306	587.76
19307	589.51
19308	588.63
19309	589.23
19310	589.35
19311	589.6
19312	589.11
19313	589.3
19314	588.54
19315	588.84
19316	588.68
19317	588.85
19318	588.77
19319	588.99
19320	588.63
19321	588.93
19322	588.74
19323	588.3
19324	588.91
19325	588.87
19326	589.33
19327	589.1
19328	588.16
19329	589.97
19330	588.48
19331	588.41
19332	588.73
19333	589.4
19334	589.85
19335	589.42
19336	588.76
19337	590.15
19338	589.05
19339	590.92
19340	589.2
19341	589.86
19342	590.45
19343	588.74
19344	589.72
19345	589.36
19346	590.69
19347	590.91
19348	590.74
19349	591.67
19350	590.21
19351	591.3
19352	590.14
19353	590.9
19354	590.8
19355	590.62
19356	590.34
19357	591.36
19358	590.83
19359	590.55
19360	590.05
19361	589.79
19362	591.14
19363	590.81
19364	590.32
19365	591.38
19366	591.04
19367	592.4
19368	590.33
19369	589.85
19370	590.72
19371	590.81
19372	590.85
19373	590.38
19374	590.12
19375	591.47
19376	590.94
19377	590.41
19378	591.45
19379	591.41
19380	591.68
19381	590.87
19382	592.58
19383	591.66
19384	592.33
19385	591.05
19386	591.8
19387	590.77
19388	590.45
19389	592.13
19390	592.25
19391	591.36
19392	591.05
19393	591.09
19394	591.89
19395	591.73
19396	591.82
19397	593.14
19398	592.13
19399	592.16
19400	592.33
19401	591.22
19402	592.45
19403	592.03
19404	592.11
19405	590.83
19406	592.52
19407	591.14
19408	590.53
19409	590.68
19410	589.93
19411	591.3
19412	591.7
19413	589.42
19414	591.6
19415	590.54
19416	592.09
19417	592.21
19418	590.42
19419	591.21
19420	591.02
19421	592.02
19422	591.21
19423	590.49
19424	590.53
19425	591.18
19426	590.72
19427	590.87
19428	592.06
19429	590.46
19430	590.02
19431	589.5
19432	589.83
19433	591.02
19434	590.52
19435	590.33
19436	589.75
19437	591.7
19438	590.71
19439	590.82
19440	589.71
19441	590.4
19442	589.62
19443	591.28
19444	590.8
19445	590.08
19446	589.77
19447	591.35
19448	591.13
19449	590.72
19450	589.92
19451	590.39
19452	591.42
19453	590.4
19454	590.63
19455	591.19
19456	590.21
19457	590.15
19458	592.46
19459	590.04
19460	590.67
19461	589.92
19462	589.62
19463	589.68
19464	590.22
19465	590.85
19466	591.17
19467	589.35
19468	590.8
19469	590.68
19470	589.8
19471	590.13
19472	590.34
19473	590.11
19474	590.21
19475	589.46
19476	589.15
19477	589.05
19478	589.33
19479	589.58
19480	589.12
19481	589.9
19482	588.73
19483	591.05
19484	589.23
19485	589.96
19486	588.63
19487	589.09
19488	588.37
19489	590.4
19490	588.83
19491	590.24
19492	589.32
19493	589.07
19494	589.01
19495	589.88
19496	589.52
19497	589.18
19498	588.34
19499	588.89
19500	589.69
19501	589.55
19502	589.88
19503	589.59
19504	589.98
19505	589.84
19506	588.5
19507	588.3
19508	588.37
19509	588.59
19510	589.31
19511	589.74
19512	588.84
19513	589.73
19514	588.8
19515	588.29
19516	590.18
19517	589.51
19518	588.35
19519	590.31
19520	588.91
19521	588.94
19522	589.54
19523	588.03
19524	588.78
19525	587.67
19526	588.66
19527	589.98
19528	588.54
19529	587.59
19530	587.93
19531	588.44
19532	588.77
19533	588.48
19534	588.43
19535	588.76
19536	590.07
19537	588.84
19538	589.96
19539	588.54
19540	588.27
19541	589.05
19542	587.98
19543	588.98
19544	588.16
19545	588.51
19546	589.01
19547	587.28
19548	588.17
19549	587.71
19550	587.57
19551	587.76
19552	588.89
19553	587.86
19554	588.92
19555	588.05
19556	588.55
19557	589.3
19558	588.2
19559	588
19560	587.46
19561	587.64
19562	588.78
19563	587.04
19564	588.64
19565	587.71
19566	588.93
19567	587.69
19568	588.24
19569	588.58
19570	588.36
19571	586.66
19572	586.88
19573	588.17
19574	586.65
19575	588.16
19576	587.53
19577	586.84
19578	586.94
19579	587.56
19580	587.96
19581	587.54
19582	585.88
19583	587.18
19584	586.33
19585	587.51
19586	586.4
19587	587.09
19588	585.8
19589	586.24
19590	586.53
19591	585.97
19592	586.51
19593	585.74
19594	586.46
19595	586.69
19596	586.03
19597	587.22
19598	585.7
19599	586.13
19600	585.43
19601	585.63
19602	586.29
19603	586.3
19604	586.29
19605	585.98
19606	587.2
19607	587.01
19608	585.66
19609	586.22
19610	586.72
19611	586.41
19612	585.62
19613	586.68
19614	586.33
19615	585.62
19616	586.64
19617	586.36
19618	586.65
19619	586.53
19620	587.21
19621	585.2
19622	586
19623	584.89
19624	586.18
19625	586.6
19626	586.38
19627	585.82
19628	586.53
19629	586.15
19630	586.46
19631	585.54
19632	585.75
19633	586.66
19634	587.34
19635	585.07
19636	585.62
19637	586.52
19638	585.65
19639	585.9
19640	585.3
19641	585.35
19642	585.33
19643	586.86
19644	584.97
19645	586.06
19646	585.3
19647	584.94
19648	585
19649	584.38
19650	583.41
19651	584.58
19652	583.99
19653	585.23
19654	583.5
19655	584.05
19656	583.63
19657	585.38
19658	583.56
19659	584.71
19660	583.66
19661	583.73
19662	582.9
19663	584.48
19664	584.6
19665	583.46
19666	584
19667	584.56
19668	584.49
19669	585.26
19670	585.35
19671	585.32
19672	584.29
19673	584.25
19674	585.05
19675	585.82
19676	584.31
19677	584.24
19678	583.7
19679	584.56
19680	584.85
19681	583
19682	583.4
19683	582.96
19684	584.29
19685	584.24
19686	583.58
19687	584.6
19688	583.51
19689	582.95
19690	582.44
19691	583.08
19692	582.53
19693	582.94
19694	581.97
19695	582.69
19696	582.46
19697	583.16
19698	582.56
19699	583.01
19700	582.87
19701	581.6
19702	582.31
19703	582.92
19704	582.65
19705	582.91
19706	582.55
19707	581.81
19708	582.19
19709	582.61
19710	583.35
19711	582.09
19712	582.23
19713	581.93
19714	582.28
19715	582.05
19716	581.72
19717	581.77
19718	581.04
19719	582.44
19720	581.64
19721	581.09
19722	581.42
19723	581.58
19724	582.1
19725	581.72
19726	581.73
19727	580.74
19728	581.46
19729	581.2
19730	580.1
19731	582.21
19732	581.41
19733	581.04
19734	581.9
19735	581.42
19736	581.91
19737	581.5
19738	583.09
19739	582.51
19740	581.6
19741	580.09
19742	580.87
19743	580.23
19744	581.12
19745	579.8
19746	579.76
19747	579.33
19748	580.66
19749	580.21
19750	580.34
19751	581.05
19752	579.51
19753	580.33
19754	580.32
19755	580.18
19756	580.28
19757	580.12
19758	579.97
19759	579.68
19760	578.66
19761	578.86
19762	579.25
19763	579.63
19764	579.04
19765	581.3
19766	580.55
19767	579.81
19768	578.97
19769	578.36
19770	577.64
19771	578.51
19772	580.06
19773	578.17
19774	578.93
19775	580.5
19776	580.88
19777	578.97
19778	580.21
19779	580.26
19780	578.9
19781	579.26
19782	579.02
19783	578.72
19784	579.15
19785	579.63
19786	578.46
19787	579.6
19788	579.13
19789	578.53
19790	578.96
19791	578.51
19792	578.38
19793	578.69
19794	579.85
19795	578.75
19796	578.49
19797	577.9
19798	579.34
19799	579.08
19800	578.43
19801	578.42
19802	579.44
19803	579.1
19804	579.23
19805	579.16
19806	578.22
19807	579.58
19808	579.56
19809	578.27
19810	577.81
19811	577.94
19812	579.25
19813	579.96
19814	578.83
19815	580.13
19816	579.6
19817	580.65
19818	579.07
19819	578.76
19820	580.05
19821	580.55
19822	579.2
19823	579.04
19824	579
19825	579.77
19826	580.09
19827	578.58
19828	579.17
19829	578.71
19830	579.32
19831	578.85
19832	578.83
19833	578.28
19834	577.72
19835	578.28
19836	577.97
19837	578.15
19838	577.15
19839	576.76
19840	578.33
19841	577.98
19842	576.88
19843	577.28
19844	576.72
19845	576.99
19846	577.94
19847	576.27
19848	576.75
19849	576.48
19850	575.86
19851	575.98
19852	576.06
19853	576.57
19854	575.83
19855	576.29
19856	576.36
19857	576.28
19858	576.88
19859	575.67
19860	575.47
19861	576.5
19862	576.47
19863	576.35
19864	575.57
19865	575.29
19866	574.74
19867	575.19
19868	575.61
19869	575.89
19870	575.51
19871	575.59
19872	574.59
19873	575.79
19874	575.71
19875	575.87
19876	574.11
19877	574.7
19878	575.06
19879	575.87
19880	574.57
19881	575.69
19882	575.38
19883	573.65
19884	575.39
19885	574.58
19886	573.85
19887	574.98
19888	574.84
19889	575.66
19890	574.92
19891	574.99
19892	575.69
19893	575.83
19894	575.56
19895	575.59
19896	576.88
19897	575.95
19898	575.37
19899	575.96
19900	575.83
19901	574.83
19902	575.26
19903	575.87
19904	574.03
19905	574.43
19906	575.93
19907	574.26
19908	575.35
19909	574.98
19910	574.86
19911	574.93
19912	576.29
19913	574.58
19914	574.12
19915	574.81
19916	574.23
19917	573.98
19918	574.35
19919	574.32
19920	574.7
19921	574.35
19922	574.04
19923	574.3
19924	573.76
19925	574.94
19926	574.15
19927	574.63
19928	574.15
19929	574.52
19930	575.26
19931	575.98
19932	574.97
19933	575.78
19934	575
19935	573.98
19936	577.31
19937	574.13
19938	574.27
19939	574.77
19940	574.28
19941	574.64
19942	573.79
19943	574.68
19944	574.56
19945	574.53
19946	575.05
19947	574.13
19948	574.41
19949	573.5
19950	575.16
19951	574.67
19952	573.19
19953	573.21
19954	573.94
19955	575.6
19956	574.41
19957	574.34
19958	574.39
19959	574.96
19960	574.04
19961	574.24
19962	575.28
19963	575.19
19964	574.8
19965	574.76
19966	574.23
19967	575.41
19968	574.64
19969	574.65
19970	574.99
19971	574.39
19972	574.4
19973	573.99
19974	574.32
19975	574.25
19976	574.91
19977	574.96
19978	575.16
19979	575.25
19980	575.05
19981	574.44
19982	576.01
19983	574.63
19984	574.43
19985	575.72
19986	574.78
19987	574.5
19988	573.78
19989	573.55
19990	575.95
19991	574.52
19992	574.11
19993	574.47
19994	574.85
19995	574.56
19996	573.78
19997	575.4
19998	574.18
19999	573.62
20000	573.69
20001	574.29
20002	573.84
20003	573.57
20004	573.09
20005	573.88
20006	572.95
20007	574
20008	573.58
20009	573.34
20010	574.2
20011	572.72
20012	573.82
20013	573.13
20014	574.89
20015	574.32
20016	574.79
20017	573
20018	572.59
20019	573.1
20020	574.08
20021	573.36
20022	572.47
20023	572.65
20024	573.37
20025	572.28
20026	573.84
20027	573.04
20028	572.29
20029	572.57
20030	573.49
20031	573.12
20032	572.74
20033	572.85
20034	573.49
20035	574.63
20036	574.67
20037	573.99
20038	574.18
20039	574.33
20040	573.75
20041	574.82
20042	574.81
20043	573.82
20044	574.55
20045	574.92
20046	574.27
20047	573.62
20048	574.93
20049	574.01
20050	573.84
20051	575.42
20052	576
20053	575.08
20054	575.51
20055	575.49
20056	574.76
20057	574.68
20058	574.68
20059	575.92
20060	575.21
20061	575.36
20062	574.4
20063	575.39
20064	575.3
20065	575.67
20066	576.24
20067	575.66
20068	575.31
20069	575.32
20070	574.7
20071	574.72
20072	575.01
20073	574.57
20074	575.5
20075	573.29
20076	574.53
20077	576.59
20078	573.92
20079	573.96
20080	573.82
20081	574.04
20082	574.88
20083	574.06
20084	574.67
20085	574
20086	574.24
20087	574.3
20088	574.61
20089	573.5
20090	573.67
20091	574.93
20092	575.44
20093	575.53
20094	574.29
20095	574.55
20096	575.38
20097	574.21
20098	574.57
20099	574
20100	574.02
20101	574.33
20102	574.77
20103	575.07
20104	575.47
20105	574.6
20106	574.78
20107	575.37
20108	575.19
20109	574.66
20110	574.84
20111	575.51
20112	574.39
20113	575.1
20114	574.4
20115	574.17
20116	575.46
20117	575.23
20118	575.43
20119	574.37
20120	575.1
20121	575.27
20122	575.07
20123	574.4
20124	574.85
20125	574.6
20126	575.37
20127	575.07
20128	574.64
20129	574.21
20130	575.28
20131	575.11
20132	575.48
20133	577.01
20134	575.36
20135	576.04
20136	575.88
20137	576.26
20138	575.1
20139	575.65
20140	577.27
20141	575.37
20142	575.53
20143	575.32
20144	576.32
20145	574.7
20146	575.33
20147	574.85
20148	575.33
20149	575.13
20150	574.68
20151	575.57
20152	575.6
20153	574.78
20154	574.4
20155	575.43
20156	574.52
20157	574.87
20158	576.08
20159	574.37
20160	574.63
20161	573.64
20162	574.13
20163	575.42
20164	574.84
20165	575.76
20166	576.27
20167	575.49
20168	574.86
20169	575.96
20170	574.78
20171	573.95
20172	575.25
20173	574.31
20174	575.02
20175	574.22
20176	575.21
20177	575.94
20178	574.14
20179	575.3
20180	574.81
20181	575.84
20182	574.88
20183	574.09
20184	574.93
20185	575.49
20186	574.77
20187	574.66
20188	574.46
20189	575.38
20190	573.95
20191	574.4
20192	575.1
20193	574.52
20194	575.19
20195	574.91
20196	575.53
20197	574.99
20198	575.16
20199	574.9
20200	574.33
20201	573.88
20202	574.28
20203	575.7
20204	575.73
20205	575.02
20206	574.33
20207	575.19
20208	573.75
20209	573.25
20210	573.16
20211	574.26
20212	573.61
20213	573.63
20214	574.87
20215	572.81
20216	573.05
20217	573.44
20218	573.56
20219	573.58
20220	573.37
20221	573.06
20222	573.35
20223	572.83
20224	573.26
20225	572.96
20226	574.96
20227	572.37
20228	573.75
20229	573.21
20230	573.56
20231	573.89
20232	572.3
20233	573.67
20234	573.74
20235	573.53
20236	573.34
20237	573.77
20238	573.25
20239	573.9
20240	573.57
20241	573.82
20242	572.66
20243	573.77
20244	573.11
20245	573.02
20246	572.43
20247	572.54
20248	572.55
20249	572.56
20250	572.92
20251	572.15
20252	572.94
20253	572.68
20254	572.97
20255	572.2
20256	572.28
20257	573.44
20258	573.13
20259	572.8
20260	573.31
20261	571.94
20262	572.25
20263	572.19
20264	573.05
20265	572.04
20266	572.23
20267	571.73
20268	571.34
20269	570.74
20270	571.15
20271	570.73
20272	570.43
20273	570.82
20274	571.68
20275	571.27
20276	570.69
20277	571.7
20278	571.37
20279	571.2
20280	570.72
20281	571.27
20282	572.01
20283	570.93
20284	570.99
20285	571.12
20286	570.63
20287	569.69
20288	569.98
20289	569.85
20290	570.12
20291	570.81
20292	569.07
20293	569.04
20294	569.55
20295	570.03
20296	568.99
20297	570.22
20298	568.18
20299	568.86
20300	568.99
20301	570.11
20302	569.74
20303	568.99
20304	569.64
20305	569.52
20306	569.52
20307	567.77
20308	568.84
20309	568.75
20310	569.07
20311	569.44
20312	567.73
20313	569.13
20314	569.4
20315	569
20316	568.51
20317	568.14
20318	569.04
20319	568.67
20320	569.09
20321	568.28
20322	570.35
20323	569.74
20324	568.3
20325	568.75
20326	568.78
20327	568.19
20328	567.63
20329	568.79
20330	569.41
20331	568.35
20332	568.05
20333	567.74
20334	568.14
20335	568.79
20336	568.03
20337	567.34
20338	567.53
20339	568.52
20340	568.48
20341	568.41
20342	568.02
20343	567.39
20344	567.01
20345	567.98
20346	568
20347	566.92
20348	568.14
20349	567.75
20350	567.45
20351	567.39
20352	567.99
20353	568.04
20354	568.34
20355	567.17
20356	567.22
20357	567.51
20358	567.49
20359	567.5
20360	568.72
20361	568.35
20362	567.56
20363	567.07
20364	567.05
20365	566.94
20366	567.5
20367	567.29
20368	567.06
20369	567.6
20370	567.26
20371	566.42
20372	566.12
20373	567.16
20374	568.15
20375	567.87
20376	567.81
20377	567.17
20378	566.4
20379	568.38
20380	568.72
20381	566.92
20382	568.01
20383	569.52
20384	568.11
20385	568.21
20386	567.91
20387	568.01
20388	569.52
20389	568.17
20390	568.14
20391	568.8
20392	569.38
20393	568.56
20394	569.04
20395	568.58
20396	569.01
20397	568.31
20398	568.77
20399	568.55
20400	568.7
20401	570.77
20402	568.96
20403	571.46
20404	568.98
20405	569.02
20406	570.29
20407	569.95
20408	568.51
20409	567.35
20410	568.32
20411	568.5
20412	568.11
20413	569.34
20414	567.77
20415	568.8
20416	568.61
20417	568.21
20418	568.36
20419	568.42
20420	567.71
20421	567.46
20422	567.79
20423	569.1
20424	567.71
20425	568.3
20426	569.08
20427	569.18
20428	567.65
20429	567.13
20430	567.25
20431	567.9
20432	568.7
20433	568.04
20434	568.18
20435	569.15
20436	567.95
20437	567.14
20438	567.05
20439	567.17
20440	568.03
20441	568.28
20442	568.67
20443	569.92
20444	569.82
20445	568.47
20446	567.78
20447	567.22
20448	568.01
20449	567.47
20450	567.17
20451	568.41
20452	567.94
20453	567.71
20454	567.07
20455	567.08
20456	567.26
20457	567.87
20458	568.46
20459	566.73
20460	567.11
20461	566.53
20462	567.75
20463	567.9
20464	566.78
20465	566.84
20466	566.57
20467	566.05
20468	566.56
20469	566.53
20470	567.63
20471	566.45
20472	567.32
20473	567.75
20474	567.19
20475	567.38
20476	567.18
20477	566.04
20478	566.87
20479	566.68
20480	565.37
20481	566.49
20482	566.18
20483	566
20484	566.82
20485	566.62
20486	567.48
20487	567.52
20488	566.97
20489	567.27
20490	566.32
20491	566.38
20492	565.96
20493	566.19
20494	565.67
20495	564.79
20496	565.51
20497	565.34
20498	567.01
20499	566
20500	565.32
20501	565.81
20502	565.66
20503	565.76
20504	565.53
20505	565.22
20506	565.82
20507	566.46
20508	565.94
20509	565.23
20510	566.18
20511	565.12
20512	567.04
20513	565.82
20514	565.23
20515	565.15
20516	565.8
20517	564.77
20518	565.65
20519	565.49
20520	565.5
20521	565.54
20522	565.57
20523	566.72
20524	567.26
20525	565.69
20526	565.87
20527	566.07
20528	566.88
20529	565.69
20530	565.9
20531	567.42
20532	566.17
20533	565.63
20534	566.01
20535	566.22
20536	566.02
20537	565.91
20538	566.28
20539	566.77
20540	565.75
20541	565.69
20542	565.87
20543	565.08
20544	565.8
20545	566.07
20546	564.79
20547	564.98
20548	565.14
20549	565.06
20550	564.61
20551	565.14
20552	563.71
20553	564.56
20554	563.88
20555	563.21
20556	565.49
20557	565.15
20558	563.36
20559	563.69
20560	564.56
20561	565.78
20562	564.7
20563	563.64
20564	564.61
20565	564.31
20566	564.89
20567	564.95
20568	564.96
20569	564.2
20570	564.69
20571	564.06
20572	564.23
20573	564.01
20574	563.91
20575	564.41
20576	563.57
20577	564.06
20578	563.95
20579	564.12
20580	563.8
20581	564.02
20582	564.43
20583	563.89
20584	564.08
20585	563.78
20586	563.21
20587	563.53
20588	564.1
20589	564.19
20590	564.37
20591	564.51
20592	563.75
20593	563.64
20594	564.49
20595	563.71
20596	565.42
20597	564.59
20598	564.46
20599	563.81
20600	565.1
20601	564.78
20602	564.13
20603	564.27
20604	565.28
20605	564.49
20606	563.75
20607	564.87
20608	564.97
20609	564.65
20610	564.82
20611	564.61
20612	564.41
20613	564.35
20614	563.78
20615	563.42
20616	563.72
20617	563.11
20618	564.29
20619	562.9
20620	563.08
20621	563.12
20622	563.72
20623	562.3
20624	563.17
20625	562.85
20626	563.45
20627	563.09
20628	562.9
20629	562.61
20630	563.4
20631	563
20632	562.76
20633	562.54
20634	562.92
20635	562.45
20636	562.63
20637	562.77
20638	563.14
20639	562.21
20640	562.39
20641	561.96
20642	562.17
20643	562.85
20644	562.92
20645	562.72
20646	562.83
20647	563.57
20648	562.61
20649	562.75
20650	562.57
20651	562.78
20652	563.15
20653	563.55
20654	564.43
20655	564.47
20656	564.23
20657	564.39
20658	563.38
20659	563.72
20660	563.36
20661	563.57
20662	564.18
20663	564.02
20664	564.4
20665	564.27
20666	564.44
20667	564.54
20668	564.45
20669	563.54
20670	564.68
20671	564.32
20672	563.91
20673	563.9
20674	563.84
20675	565.13
20676	564.09
20677	564
20678	564.03
20679	564.05
20680	564.58
20681	565.64
20682	564.69
20683	564.04
20684	564.43
20685	563.89
20686	562.95
20687	563.77
20688	563.88
20689	564.14
20690	562.92
20691	563.22
20692	562.95
20693	562.81
20694	562.9
20695	563.5
20696	562.79
20697	562.81
20698	563.25
20699	564.38
20700	563.67
20701	563.55
20702	563.33
20703	564.17
20704	563.6
20705	564.68
20706	563.66
20707	563.1
20708	563.24
20709	563.72
20710	563.12
20711	562.77
20712	562.96
20713	563.1
20714	563.05
20715	562.88
20716	563.36
20717	563.56
20718	564.13
20719	564.57
20720	565.48
20721	563.39
20722	562.91
20723	563.83
20724	563.12
20725	563.19
20726	562.21
20727	563.65
20728	562.56
20729	562.24
20730	561.77
20731	561.32
20732	561.49
20733	561.9
20734	562.04
20735	562.13
20736	562.77
20737	561.91
20738	562.05
20739	561.6
20740	563.24
20741	562.79
20742	563.17
20743	565
20744	564.78
20745	563.67
20746	564.11
20747	562.82
20748	564.08
20749	562.91
20750	563.92
20751	563.91
20752	563.53
20753	563.85
20754	565.55
20755	563.45
20756	563.44
20757	565.13
20758	564.82
20759	563.4
20760	563.67
20761	562.98
20762	563.03
20763	565.63
20764	562.42
20765	562.15
20766	561.94
20767	562.94
20768	562.19
20769	562.37
20770	562.17
20771	563.6
20772	562.67
20773	562.27
20774	562.6
20775	562.73
20776	563.52
20777	563.38
20778	562.21
20779	563.11
20780	564.09
20781	563.09
20782	562.26
20783	562.1
20784	562.33
20785	562.47
20786	563.15
20787	563.31
20788	562.96
20789	563.49
20790	563.57
20791	562.85
20792	562.82
20793	563.31
20794	563.39
20795	562.14
20796	563.21
20797	562.26
20798	563.03
20799	562.91
20800	562.77
20801	561.05
20802	563.03
20803	561.13
20804	562.68
20805	562.99
20806	561.21
20807	562.1
20808	562.75
20809	561.93
20810	562.71
20811	561.13
20812	562.82
20813	563.06
20814	562.59
20815	563.33
20816	561.65
20817	562.96
20818	561.95
20819	562.8
20820	564.15
20821	563.54
20822	565.5
20823	566.2
20824	566.64
20825	570.82
20826	569.31
20827	570.91
20828	571.36
20829	572.64
20830	573.59
20831	575.17
20832	575.97
20833	577.08
20834	579.72
20835	580.97
20836	580.8
20837	582.45
20838	582.59
20839	583.46
20840	586.73
20841	586.21
20842	587.39
20843	587.45
20844	588.64
20845	590.47
20846	592.25
20847	594.33
20848	593.22
20849	593.72
20850	593.2
20851	594.44
20852	594.51
20853	595.95
20854	597.59
20855	596.05
20856	597.12
20857	595.31
20858	594.55
20859	596.67
20860	597.43
20861	597.82
20862	598.08
20863	598.28
20864	598.67
20865	599.02
20866	601.15
20867	599.95
20868	601.73
20869	600.8
20870	600.62
20871	603.22
20872	600.66
20873	599.88
20874	601.06
20875	601.53
20876	602.02
20877	601.35
20878	597.9
20879	598.89
20880	599.54
20881	601.44
20882	601.01
20883	600.64
20884	601.08
20885	599.78
20886	600.16
20887	604.05
20888	602.94
20889	602.71
20890	601.29
20891	600.67
20892	599.84
20893	599.9
20894	599.48
20895	597.86
20896	597.92
20897	597.87
20898	597.31
20899	598.96
20900	598.39
20901	597.66
20902	598.46
20903	596.85
20904	597.08
20905	600.05
20906	597.95
20907	597.08
20908	594.96
20909	595.39
20910	595.62
20911	595.37
20912	594.53
20913	596.88
20914	594.16
20915	594.57
20916	593.81
20917	594.02
20918	593.51
20919	593.51
20920	592.96
20921	592.54
20922	593.24
20923	590.8
20924	591.68
20925	591.77
20926	591.39
20927	590.86
20928	589.5
20929	589.78
20930	588.19
20931	588.73
20932	589.87
20933	588.76
20934	589.28
20935	588.62
20936	587.67
20937	587.34
20938	586.61
20939	585.39
20940	584.03
20941	584.29
20942	583.68
20943	584.73
20944	585.24
20945	584.44
20946	584.24
20947	583.4
20948	582.63
20949	582.91
20950	582.92
20951	583.5
20952	581.99
20953	581.52
20954	579.79
20955	578.74
20956	579.31
20957	579.29
20958	579.5
20959	578.99
20960	580.05
20961	578.36
20962	579.37
20963	578.94
20964	578.77
20965	579.5
20966	576.75
20967	577.66
20968	577.86
20969	579.32
20970	578.1
20971	577.13
20972	577.14
20973	578.02
20974	576.93
20975	577.35
20976	575.46
20977	574.86
20978	573.38
20979	573.99
20980	573.86
20981	573.21
20982	573.38
20983	573.09
20984	572.75
20985	572.51
20986	572.27
20987	570.53
20988	569.81
20989	569.71
20990	568.82
20991	569.53
20992	567.57
20993	566.4
20994	566.09
20995	568.1
20996	568.02
20997	568.25
20998	567.77
20999	567.33
21000	567.29
21001	566.8
21002	567.07
21003	567.04
21004	566.83
21005	567.46
21006	566.64
21007	566.7
21008	567.39
21009	566.78
21010	567.71
21011	567.23
21012	566.65
21013	566.02
21014	565.53
21015	566.19
21016	565.88
21017	565.03
21018	565.39
21019	564.73
21020	566.04
21021	565.7
21022	564.66
21023	564.88
21024	564.8
21025	564.64
21026	564.58
21027	564.94
21028	564.84
21029	565
21030	564.77
21031	564.54
21032	564.75
21033	563.91
21034	565.84
21035	564.15
21036	563.62
21037	563.8
21038	565.11
21039	562.24
21040	562.34
21041	562.98
21042	562.41
21043	562.03
21044	563.13
21045	562.53
21046	561.28
21047	562.44
21048	562.26
21049	562.82
21050	561.91
21051	561.54
21052	561.54
21053	561.42
21054	561.01
21055	561.69
21056	561.12
21057	560.96
21058	560.6
21059	560.54
21060	562.01
21061	560.29
21062	561.26
21063	559
21064	561.21
21065	561
21066	560.21
21067	559.33
21068	561.15
21069	560.01
21070	559.44
21071	559.82
21072	559.95
21073	559.78
21074	560.11
21075	560.96
21076	560.84
21077	560.4
21078	559.57
21079	560.44
21080	560.63
21081	559.99
21082	561.31
21083	559.96
21084	560.45
21085	561.23
21086	560.37
21087	560.88
21088	561.15
21089	560.34
21090	561.48
21091	560.88
21092	561.23
21093	560.11
21094	561.49
21095	560.89
21096	560.31
21097	561.43
21098	560.47
21099	559.6
21100	559.25
21101	560.81
21102	559.6
21103	560.47
21104	560.25
21105	560.82
21106	560.95
21107	559.92
21108	559.44
21109	559.59
21110	559.8
21111	559.54
21112	559.86
21113	560.62
21114	559.43
21115	559.33
21116	560.01
21117	559.52
21118	559.05
21119	559.45
21120	558.39
21121	559.11
21122	557.59
21123	560.93
21124	4.5959595959596
21125	1.98780487804878
21126	1.68
